-612.43 1043.2
-629.423 1041.1394
-645.087 1033.2892
-657.244 1020.74097
-670.666 1006.88696
-677.9 989.891
-678.7 970.331
-679.21234 957.805
-676.67664 945.91
-670.9738 934.088
-669.6145 931.27014
-668.50385 928.8792
-668.5056 928.77484
-668.5076 928.6705
-668.1691 928.1079
-667.75385 927.5247
-666.9988 926.4643
-668.0802 926.7069
-673.9839 928.0316
-677.3129 929.498
-681.8782 932.7849
-684.8979 934.9591
-686.3817 938.793
-687.19775 940.90173
-687.9776 943.00104
-688.1147 943.45825
-688.2918 944.04895
-688.7154 944.3235
-689.57837 944.40704
-690.74207 944.5197
-690.8523 944.40607
-692.21655 941.6854
-692.99963 940.12384
-693.6404 938.4491
-693.6404 937.96375
-693.6404 937.4784
-693.04065 935.6323
-692.30756 933.86163
-681.68555 908.2006
-660.86957 889.24365
-633.80853 880.5866
-629.2257 879.1205
-620.71155 877.1612
-618.9235 877.1612
-618.1203 877.1612
-618.11725 877.11957
-618.10065 866.0602
-618.08826 857.7839
-617.9547 854.59717
-617.57587 853.53516
-616.8558 851.51733
-615.22296 849.5115
-613.7153 848.7925
-612.13635 848.03955
-611.9009 846.4504
-613.2786 845.8459
-614.0678 845.49963
-614.1325 845.22675
-614.1325 842.24536
-614.1325 839.0195
-600.8495 839.0195
-600.7373 841.8061
-600.6756 843.3387
-600.784 844.7903
-600.9782 845.0319
-601.3408 845.483
-600.9036 847.179
-600.4247 847.179
-600.282 847.179
-559.7007 844.275
-510.2447 840.7256
-460.7887 837.17615
-420.1997 834.349
-420.0477 834.4429
-419.7373 834.6347
-378.3457 829.5691
-378.1457 829.31476
-377.90594 829.0098
-351.3137 762.7388
-351.31668 762.45276
-351.3187 762.2962
-353.20328 762.1681
-355.5059 762.1681
-358.8964 762.1681
-359.73438 762.0587
-359.91318 761.5929
-360.2629 760.6815
-358.27496 754.8267
-357.30847 753.9217
-356.14688 752.83386
-353.07788 751.5157
-350.75006 751.1047
-349.70636 750.9204
-342.96057 749.9261
-335.75906 748.8951
-328.55777 747.8641
-318.65207 746.4267
-313.74707 745.70087
-308.84186 744.9751
-302.95007 744.1139
-300.65408 743.78705
-298.35797 743.4602
-294.08847 742.8511
-291.1663 742.43335
-288.24408 742.0156
-281.4982 741.08075
-276.1753 740.3558
-270.8526 739.6308
-265.3873 738.8675
-264.03128 738.6595
-262.67447 738.4515
-259.94208 738.1024
-257.95908 737.8837
-255.97607 737.6651
-251.27968 737.053
-247.52208 736.52344
-210.52008 731.30853
-208.64308 731.08887
-183.00508 728.9702
-145.20308 725.8465
-130.35808 724.9276
-105.58408 724.17804
-86.94708 723.61414
-46.436085 724.0776
-32.90708 725.00946
-10.985081 726.51953
2.433918 727.53613
14.479919 728.59937
20.40032 729.12195
25.523918 729.6924
25.86492 729.86694
26.20648 730.04156
27.37252 730.2841
28.45602 730.40594
30.97442 730.6892
36.65412 732.58954
39.99802 734.26807
49.82032 739.1976
58.30902 748.9501
62.500023 760.1191
63.511223 762.8142
62.735504 794.7202
62.057774 822.5972
61.819393 829.8342
61.536304 831.1262
61.499874 831.2929
61.610123 831.7529
61.781544 832.14844
61.995132 832.6412
61.908524 833.0025
61.506325 833.29663
61.005444 833.6629
60.968666 834.2527
61.255276 837.32153
61.440025 839.29913
61.504536 843.74493
61.398735 847.2009
60.864647 864.6439
57.417034 879.10394
50.223736 894.0709
47.294937 900.16504
48.77194 901.85095
49.58432 902.7782
51.461838 905.15924
52.944237 907.1423
54.426735 909.12524
55.831837 910.91846
56.066837 911.1272
56.713947 911.702
61.433838 919.2658
62.224236 920.9945
62.605946 921.8294
63.022087 922.5979
63.148994 922.70233
63.539776 923.0237
65.00559 926.55884
65.00559 927.17993
65.00559 927.50226
65.24749 928.0356
65.54313 928.3651
66.39313 929.31256
69.794426 939.8971
70.85773 944.9041
71.38969 947.40894
71.986824 950.1414
72.18462 950.9763
72.38242 951.8112
72.82402 953.6774
73.16596 955.1233
73.95269 958.4504
74.802864 960.1065
77.63356 963.82587
79.90326 966.80817
79.57028 970.2776
79.237335 973.747
78.085434 973.85986
77.090195 973.95734
76.57104 973.5961
74.26673 971.20325
72.67353 969.54877
70.47353 966.60046
68.80213 963.87964
65.64333 958.73804
64.97963 958.00195
62.25793 956.62274
60.24593 955.6033
58.91033 955.57886
56.02473 956.509
54.82383 956.89606
55.03082 961.90594
55.24714 967.14087
54.582798 976.30994
53.97122 976.52997
53.77812 976.59955
53.62013 977.4225
53.62013 978.35876
53.62013 982.21954
50.51803 991.9028
47.073227 998.79474
40.945427 1011.05475
30.748226 1022.20374
18.875227 1029.6238
5.0152273 1038.2861
-12.498774 1042.1348
-29.115774 1040.1698
-54.422775 1037.1775
-76.53078 1021.5088
-88.03078 998.4148
-91.377075 991.6948
-94.22618 982.3528
-95.18258 974.9648
-95.6605 971.2727
-95.669716 971.25037
-96.63958 971.43396
-97.17643 971.5356
-98.38418 971.7331
-99.32348 971.87286
-102.73908 972.38116
-105.47018 974.68066
-107.66218 978.89404
-108.53782 980.5773
-109.47938 982.0408
-109.75438 982.14624
-110.02945 982.2518
-110.34073 982.6679
-110.44612 983.0709
-110.624794 983.7541
-111.02529 983.8037
-116.36112 983.8037
-122.08452 983.8037
-121.99452 987.3142
-121.904526 990.8247
-122.85332 990.749
-123.74878 990.6776
-172.76932 991.3983
-175.60532 991.5246
-176.93361 991.5837
-177.23027 987.99786
-177.39346 986.02563
-177.5745 984.36456
-177.63255 984.30646
-177.69066 984.24835
-198.39255 984.3636
-223.63655 984.56244
-248.88055 984.7613
-271.37054 984.9281
-273.61456 984.9331
-277.69437 984.9421
-277.69437 987.9317
-277.69437 989.8919
-277.86102 991.05963
-278.1783 991.323
-278.92062 991.9391
-331.8453 992.7242
-332.5613 992.12976
-332.95145 991.80597
-333.1028 990.7917
-333.1028 988.501
-333.1028 985.3216
-340.40842 985.33057
-344.4265 985.3356
-381.87042 985.5877
-423.61642 985.89154
-465.36243 986.1954
-501.44342 986.4477
-503.7954 986.4523
-508.0722 986.46027
-507.8463 987.50397
-507.11124 990.90027
-505.8573 994.3462
-504.05472 997.92395
-502.0075 1001.98706
-503.3711 1006.27325
-504.7891 1010.7302
-505.36038 1011.75073
-506.2476 1011.4103
-507.39798 1010.9689
-513.8002 995.05725
-514.9861 989.69226
-515.3471 988.05884
-516.4198 986.51447
-517.2218 986.47314
-517.3568 986.4661
-519.0987 985.34656
-521.0926 983.98517
-523.0865 982.62366
-525.6231 981.08875
-526.7295 980.5743
-528.7411 979.63873
-528.8561 980.4879
-529.1991 983.0207
-531.37286 991.1099
-532.5755 994.3289
-538.3972 1009.9109
-549.7245 1023.70294
-564.0555 1032.6599
-577.9225 1041.3265
-595.78546 1045.2189
-612.42847 1043.2009
-590.79297 1040.7789
-567.14996 1036.5996
-546.87695 1020.9699
-536.60095 998.99994
-527.2103 978.9229
-527.45544 955.31396
-537.2648 935.03296
-543.1996 922.76294
-553.5788 911.3
-565.0708 904.32294
-591.65283 888.18494
-624.8088 890.2689
-648.9318 909.59454
-676.17285 931.4185
-684.6068 968.8505
-669.3718 1000.31555
-661.7313 1016.0956
-648.0678 1029.0985
-631.8338 1036.0376
-625.2285 1038.8613
-618.4748 1040.5753
-609.7688 1041.6373
-606.46 1042.0409
-594.9988 1041.5228
-590.7928 1040.7794
-610.84094 1022.8779
-633.44495 1020.03156
-652.0449 1003.4279
-657.1749 981.5159
-660.57043 967.0139
-657.8863 951.71796
-649.77954 939.3729
-638.79755 922.6489
-619.5856 913.2699
-599.9785 915.0609
-586.5475 916.28784
-575.31354 921.5156
-566.08154 930.8349
-558.4044 938.5847
-553.59955 947.5359
-551.2755 958.4179
-550.0665 964.0784
-550.06964 973.9379
-551.28253 979.6169
-553.62134 990.5719
-558.32886 999.4369
-565.8195 1006.9919
-575.9535 1017.21387
-588.5655 1022.6839
-602.9275 1023.08386
-605.7509 1023.16284
-609.3122 1023.0699
-610.8415 1022.8771
-594.80194 1020.43555
-581.9229 1018.1287
-569.3259 1010.03955
-561.7979 999.24255
-557.3786 992.90393
-554.29114 985.65155
-552.96313 978.48956
-552.0775 973.71344
-552.0706 964.44653
-552.94916 959.65356
-556.60986 939.68054
-571.87213 923.35156
-591.5652 918.3376
-609.4392 913.7867
-628.16016 918.9385
-641.3182 932.0296
-652.3592 943.0146
-657.94916 958.22363
-656.51917 973.3926
-655.7931 981.0971
-654.03455 987.0606
-650.56586 993.58057
-645.55597 1002.9983
-637.7289 1010.66956
-628.09985 1015.5976
-622.3115 1018.5603
-618.02185 1019.8437
-609.5779 1021.1394
-607.3816 1021.4764
-598.1589 1021.0374
-594.8019 1020.4361
-609.1989 1018.11194
-613.7771 1017.44653
-615.734 1017.02997
-619.0662 1016.01184
-648.54224 1007.0056
-662.63324 974.09985
-648.6222 946.98987
-641.1598 932.55084
-627.2292 922.80286
-610.9062 920.59784
-608.7145 920.30176
-605.72577 920.05945
-604.2647 920.05945
-595.8029 920.05945
-586.0457 922.7302
-578.6477 927.07135
-554.4247 941.28534
-547.0937 972.9213
-562.6377 996.16034
-569.8328 1006.91736
-581.2867 1014.62933
-593.9217 1017.2263
-597.6557 1017.9936
-606.4907 1018.5061
-609.19867 1018.1126
-598.1259 1016.03644
-576.0409 1013.02734
-559.3629 996.3214
-556.6099 974.4484
-553.7041 951.3624
-569.7669 928.7274
-592.87994 923.3374
-612.02893 918.8718
-631.46796 925.9146
-643.0139 941.5004
-653.5069 955.6654
-655.1529 974.34143
-647.288 989.98645
-640.20135 1004.08246
-626.601 1013.7665
-610.71704 1016.0245
-607.40173 1016.4958
-601.5385 1016.5013
-598.12604 1016.0365
-607.3197 984.53845
-615.0509 983.21716
-620.9937 975.7748
-620.2917 968.29346
-619.29504 957.67346
-607.9687 951.10547
-598.6897 955.76746
-595.4021 957.41925
-594.171 958.478
-592.1961 961.35236
-590.73303 963.48175
-590.2324 964.90125
-589.822 968.084
-589.3846 971.477
-590.88873 976.61957
-592.86035 978.472
-593.393 978.9724
-593.8288 979.61237
-593.8288 979.8943
-593.8288 980.17615
-594.2131 980.55444
-594.6827 980.73486
-595.15234 980.9153
-595.9988 981.4937
-596.56366 982.02026
-598.7087 984.01965
-603.6235 985.1706
-607.31964 984.5389
-599.3842 981.2006
-596.5335 979.79724
-594.5171 977.71735
-593.1212 974.7404
-591.7663 971.8508
-591.69763 967.0937
-592.97076 964.3234
-594.7198 960.5172
-597.40845 958.0872
-601.2867 956.8078
-608.1836 954.5325
-615.7417 958.6096
-617.9137 965.7768
-619.5116 971.0494
-617.39856 977.0148
-612.8053 980.1978
-608.749 983.0088
-603.8061 983.3784
-599.3843 981.2013
-607.4802 975.61194
-609.2147 974.8596
-610.0752 974.0471
-610.9475 972.338
-611.8959 970.4799
-611.8549 968.7776
-610.81226 966.7137
-608.33887 961.8177
-601.64966 961.7242
-598.8472 966.5466
-595.79706 971.7959
-601.7838 978.0826
-607.4799 975.612
-602.7437 973.7689
-601.20294 973.1251
-599.9047 971.18933
-599.9027 969.5327
-599.9007 967.7625
-601.3611 965.87134
-603.23444 965.2188
-607.5087 963.7298
-611.3101 968.1771
-609.00073 971.9649
-607.71826 974.0685
-605.19904 974.7949
-602.7437 973.769
-7.8637085 1037.7429
15.779291 1033.5636
36.05229 1017.9339
46.328293 995.9639
51.143593 985.66895
53.659393 973.09595
53.09009 962.1709
52.7387 955.4279
52.59156 954.1941
51.51839 948.9909
47.52809 929.6429
34.76039 911.5479
17.85839 901.2869
-8.72361 885.1489
-41.880608 887.2329
-66.00261 906.55853
-93.24861 928.38654
-101.67961 965.80853
-86.441605 997.27954
-78.8011 1013.0596
-65.1376 1026.0625
-48.903606 1033.0016
-42.298306 1035.8253
-35.544605 1037.5393
-26.838606 1038.6013
-23.529806 1039.0049
-12.068605 1038.4868
-7.862606 1037.7434
-27.911709 1019.8419
-50.51571 1016.99554
-69.11571 1000.3919
-74.24571 978.4799
-77.64121 963.9779
-74.957115 948.68195
-66.85031 936.3369
-55.86831 919.6129
-36.65531 910.2339
-17.049313 912.0249
-3.6183128 913.25183
7.6156883 918.4796
16.847687 927.7989
24.524788 935.5487
29.329687 944.4999
31.653687 955.3819
32.862686 961.0424
32.859585 970.9019
31.647186 976.5809
29.308386 987.5359
24.600887 996.4009
17.110188 1003.9559
6.9761877 1014.17786
-5.6358128 1019.6479
-19.997814 1020.04785
-22.821314 1020.12683
-26.382515 1020.0339
-27.911814 1019.84106
-11.872709 1017.39954
1.0062904 1015.0927
13.603291 1007.00354
21.131292 996.20654
25.550592 989.8679
28.638092 982.61554
29.966091 975.45355
30.85168 970.6774
30.858591 961.4105
29.980131 956.61755
26.319431 936.64453
11.057131 920.31555
-8.63587 915.3016
-26.50987 910.7507
-45.230873 915.9024
-58.38887 928.9936
-69.42987 939.9786
-75.01987 955.1876
-73.589874 970.35657
-72.863754 978.0611
-71.10527 984.0246
-67.63657 990.54456
-62.626675 999.9623
-54.799576 1007.63354
-45.170574 1012.5616
-39.382275 1015.5243
-35.092575 1016.8077
-26.648575 1018.1034
-24.452274 1018.44037
-15.229575 1018.0014
-11.872575 1017.4001
-26.26971 1015.0759
-30.84781 1014.4105
-32.80481 1013.99396
-36.13701 1012.9758
-65.61301 1003.9696
-79.70401 971.06384
-65.69301 943.95386
-58.230507 929.51483
-44.30001 919.76685
-27.977009 917.5618
-25.785309 917.26575
-22.79671 917.02344
-21.335508 917.02344
-12.873709 917.02344
-3.1165085 919.69415
4.281492 924.03534
28.504492 938.2493
35.835495 969.8853
20.291492 993.1243
13.096393 1003.88135
1.6424923 1011.5933
-10.992508 1014.1903
-14.726508 1014.9576
-23.561508 1015.4701
-26.269508 1015.0766
-15.196711 1013.0004
6.8882885 1009.99133
23.56629 993.2854
26.319288 971.4124
29.225088 948.3264
13.162289 925.6914
-9.950712 920.3014
-29.099712 915.8358
-48.53871 922.8786
-60.08471 938.4644
-70.57771 952.6294
-72.22371 971.3054
-64.35881 986.95044
-57.27211 1001.04645
-43.67181 1010.73047
-27.787811 1012.98846
-24.472511 1013.4598
-18.60931 1013.4653
-15.196812 1013.0005
-24.39051 981.50244
-32.12171 980.18115
-38.06451 972.7388
-37.36251 965.25745
-36.36587 954.63745
-25.03951 948.06946
-15.760511 952.73145
-12.472912 954.38324
-11.241812 955.442
-9.2669115 958.31635
-7.8038116 960.44574
-7.303211 961.86523
-6.8929114 965.048
-6.4554515 968.441
-7.9596114 973.58356
-9.931111 975.436
-10.463791 975.9364
-10.899591 976.57635
-10.899591 976.8583
-10.899591 977.14014
-11.283852 977.51843
-11.753491 977.69885
-12.223142 977.8793
-13.0695915 978.4577
-13.634491 978.98425
-15.779491 980.98364
-20.69429 982.1346
-24.390491 981.50287
-16.45501 978.1646
-13.604309 976.7612
-11.58791 974.68134
-10.19211 971.7044
-8.83721 968.8148
-8.76851 964.0577
-10.04163 961.2874
-11.79053 957.4812
-14.47933 955.0512
-18.35743 953.7718
-25.25433 951.49646
-32.81243 955.5736
-34.98443 962.7408
-36.58233 968.01337
-34.46928 973.97876
-29.876028 977.1618
-25.819729 979.9728
-20.876827 980.3424
-16.455029 978.1653
-24.550909 972.5759
-26.28541 971.8236
-27.145908 971.0111
-28.01821 969.302
-28.96657 967.4439
-28.925629 965.7416
-27.88295 963.6777
-25.40955 958.7817
-18.72025 958.6882
-15.91795 963.51056
-12.86775 968.7599
-18.85455 975.0466
-24.55065 972.576
-19.81441 970.7329
-18.27361 970.0891
-16.97531 968.1533
-16.973309 966.4967
-16.96951 964.7265
-18.431808 962.8353
-20.305008 962.1828
-24.579308 960.6938
-28.380707 965.1411
-26.071308 968.9289
-24.788708 971.0325
-22.269608 971.7588
-19.814308 970.733
-504.56442 1002.0639
-505.74762 1001.32
-509.00684 991.4049
-509.94302 985.7009
-510.37125 983.09174
-510.91476 979.9323
-511.15082 978.67993
-511.38687 977.42755
-511.73328 975.54895
-511.9206 974.5053
-512.1079 973.4616
-512.2484 970.36053
-512.23285 967.6139
-512.0278 931.4749
-533.8569 899.1549
-567.90186 885.1899
-580.15186 880.16486
-590.4479 878.15656
-604.0748 878.13367
-613.06213 878.11847
-616.6278 878.45715
-624.2808 880.0528
-654.03485 886.2563
-678.68384 906.3658
-690.2448 933.8658
-691.6676 937.2502
-690.8824 939.3688
-690.4505 940.534
-689.9802 941.62427
-689.8373 941.7917
-689.6944 941.95905
-689.10974 940.7636
-688.5382 939.1351
-686.1256 932.2616
-680.2358 921.7411
-675.3772 915.6271
-674.3586 914.3451
-673.5251 913.2204
-673.5251 913.12775
-673.5251 912.64703
-665.3865 904.48145
-662.7381 902.30475
-661.0523 900.9194
-659.5875 899.6763
-659.4832 899.54236
-659.37885 899.4085
-657.1587 897.88806
-654.5495 896.16376
-643.3295 888.74866
-630.8105 883.9308
-617.3575 881.85077
-611.2754 880.9105
-598.3495 880.9025
-592.3095 881.83527
-561.8245 886.54346
-536.86053 905.13824
-523.6915 932.94824
-520.0592 940.61865
-517.2572 950.3192
-516.018 959.5142
-515.7789 961.2884
-515.43146 966.3264
-515.246 970.7102
-515.0605 975.0936
-514.6588 979.8754
-514.35345 981.3362
-514.0481 982.7973
-513.6343 984.7613
-513.43384 985.70056
-513.2334 986.63983
-512.8586 988.6039
-512.6009 990.06494
-511.97568 993.6099
-510.2902 998.60315
-507.92908 1003.90497
-505.99088 1008.25696
-505.09134 1005.27747
-504.53735 1003.44244
-504.33475 1002.20795
-504.56393 1002.06396
-292.21442 990.0199
-279.59543 989.78735
-279.59543 984.9415
-289.40054 984.9415
-294.79333 984.9415
-306.40656 985.05475
-315.20755 985.19305
-331.20956 985.4446
-331.20956 990.548
-318.02158 990.4002
-310.7682 990.3189
-299.15457 990.1478
-292.21457 990.0199
-147.54442 989.09705
-134.50642 988.8798
-123.772415 988.63495
-123.690414 988.5529
-123.60841 988.47095
-123.66081 987.3742
-123.80673 986.1159
-124.07228 983.8281
-149.74828 984.05774
-163.87027 984.184
-175.48828 984.34143
-175.56528 984.40753
-175.64278 984.47363
-175.58658 985.6455
-175.44023 987.0117
-175.1742 989.4957
-173.21199 989.4937
-172.1328 989.49274
-160.58199 989.31415
-147.54498 989.0969
-516.2244 981.47504
-516.5552 979.52
-516.89764 977.71356
-516.9854 977.46045
-517.07324 977.20734
-517.2244 973.621
-517.32153 969.49066
-517.41864 965.36035
-517.777 960.18787
-518.11786 957.99664
-523.03656 926.3726
-543.87683 900.30865
-573.5099 888.72266
-578.7091 886.68976
-586.3009 884.68317
-592.3359 883.74664
-598.3813 882.8086
-611.31085 882.8086
-617.3569 883.74664
-640.7679 887.37933
-660.83887 899.4196
-675.0199 918.33765
-677.4103 921.5267
-679.5228 924.81366
-682.08887 929.3367
-683.16144 931.2273
-682.05023 930.4921
-677.3922 927.41034
-672.02325 925.2539
-667.76025 924.7528
-665.67267 924.50745
-665.64795 924.4893
-663.2432 921.4342
-649.67725 904.1992
-631.2822 894.0092
-609.9702 891.9242
-594.0582 890.3673
-576.0322 894.79407
-562.7702 903.5152
-539.8382 918.5962
-526.7882 943.8642
-527.9402 970.9522
-528.0701 974.0075
-528.2741 976.7618
-528.39343 977.0728
-528.54987 977.4805
-527.9422 977.9524
-526.21576 978.7638
-523.5654 980.0094
-518.67255 983.0872
-517.6481 984.153
-517.02545 984.8008
-515.9864 985.3285
-515.73706 985.1236
-515.67426 985.072
-515.8935 983.4303
-516.2243 981.4753
-310.34442 983.23505
-203.78442 982.5102
-116.55443 981.9144
-116.494415 981.91125
-116.329475 981.9023
-116.73636 975.4523
-117.165016 971.27924
-117.8588 964.52496
-117.5747 957.15125
-116.25851 947.7492
-114.22571 933.2292
-106.284706 915.7652
-96.413506 904.1052
-93.201004 900.3106
-84.02051 891.39124
-80.9325 889.0662
-67.1865 878.7122
-52.787502 872.6322
-35.960503 870.0772
-29.301203 869.0661
-15.847502 869.15405
-8.825502 870.25476
11.079498 873.3746
28.712496 882.0718
43.038498 895.8348
45.945698 898.62787
48.786697 892.54285
52.814396 883.9161
54.9068 877.92786
56.814697 869.5698
58.930096 860.3018
59.987396 847.8718
59.344498 839.82684
59.12996 837.14197
58.88559 834.87634
58.801487 834.79224
58.717346 834.7081
55.807785 835.7534
52.335785 837.1151
41.197784 841.4835
36.329784 842.8614
27.607784 844.1153
14.9267845 845.9383
12.145784 846.0293
-41.382214 846.3735
-69.30721 846.5531
-92.20921 846.7651
-92.275215 846.84454
-92.464325 847.0741
-91.06222 890.50757
-90.824715 891.77454
-90.63313 892.79724
-90.99124 893.35156
-94.257515 897.0877
-104.71352 909.0477
-107.32152 913.09973
-113.30852 926.6867
-116.37182 933.6382
-117.58822 936.7957
-118.31852 939.6897
-118.77378 941.494
-120.52062 943.7014
-122.16702 944.5528
-122.762375 944.86066
-124.07502 945.2691
-125.08392 945.46045
-127.35442 945.89105
-193.65393 946.7698
-194.28793 946.3777
-194.54027 946.22174
-195.55754 946.13715
-196.54854 946.18976
-201.21294 946.4373
-205.42773 942.18854
-205.17844 937.4905
-205.12393 936.4632
-205.19704 935.5049
-205.34117 935.3609
-205.48518 935.21686
-205.60315 929.6198
-205.6033 922.9229
-205.60341 916.22614
-205.71692 896.52893
-205.85551 879.1529
-206.10756 847.5589
-257.67957 847.5589
-257.4025 892.6259
-257.1931 926.6859
-257.23425 938.0919
-257.57095 939.32794
-258.4605 942.59125
-261.56107 944.98926
-266.89426 946.53864
-269.45776 947.2834
-270.88986 947.3198
-307.74026 947.57733
-345.92926 947.84424
-348.41837 946.61884
-351.38156 945.16003
-352.96527 943.52673
-354.24567 940.6085
-354.76602 939.4226
-355.34998 938.11084
-355.54327 937.6934
-355.78625 937.1687
-358.14978 856.09344
-358.16656 847.70844
-358.16733 847.3269
-364.61996 847.0166
-380.99756 846.6104
-382.80466 846.5656
-384.55515 846.42456
-384.88757 846.297
-385.68884 845.9895
-385.65753 845.033
-384.83096 844.5705
-384.46744 844.36707
-384.2824 844.08813
-384.41983 843.95074
-384.55725 843.81335
-384.34232 843.37354
-383.9423 842.9735
-383.54224 842.5734
-383.2149 841.74603
-383.2149 841.1347
-383.2149 840.52344
-382.9489 839.7573
-382.62384 839.4322
-381.99133 838.7997
-378.99295 831.9201
-379.24155 831.6715
-379.32324 831.5898
-387.51456 832.52094
-397.44455 833.7407
-415.49954 835.9583
-415.50754 843.182
-415.51154 847.155
-415.76913 872.94904
-416.0789 900.501
-416.38864 928.05396
-416.5853 951.65295
-416.51587 952.94495
-416.40298 955.04486
-416.47168 955.3151
-417.16516 955.50146
-417.59167 955.616
-438.86716 955.71216
-464.44516 955.71497
-510.94916 955.72
-510.66464 958.85095
-510.27975 963.0867
-510.1935 971.09595
-510.52698 971.63495
-510.67545 971.8752
-510.62698 972.2778
-510.41922 972.52954
-510.11932 972.893
-508.45453 982.7935
-508.45453 984.21356
-508.45453 984.4056
-507.47253 984.5606
-506.27234 984.5581
-505.07214 984.5551
-416.90634 983.9605
-310.35236 983.2357
-112.04442 967.6741
-112.03942 952.0791
-111.815796 949.78406
-109.37372 940.2521
-104.050316 919.47205
-90.84772 901.25305
-72.17572 888.9211
-67.22402 885.65076
-58.12872 881.1355
-52.79372 879.2992
-42.393723 875.7195
-33.96572 874.3407
-22.48372 874.3407
-13.200121 874.3407
-8.677721 874.8554
-0.7137203 876.8186
6.26218 878.5381
10.9862795 880.2759
17.74428 883.609
27.763279 888.5503
35.042282 893.855
42.694283 901.791
56.59928 916.213
64.509285 933.094
66.896286 953.442
67.104485 955.2162
67.48737 957.2678
67.747154 958.00104
68.57919 960.3494
73.03675 967.22174
75.21365 969.512
77.21506 971.61774
77.33425 971.6848
77.571556 970.84033
78.24083 968.45825
77.94614 967.4268
75.770256 964.53595
73.35776 961.3306
72.02656 958.64374
71.048256 955.00494
70.676865 953.6235
70.005455 951.55396
69.55626 950.4058
69.10711 949.2578
68.33086 946.39264
67.83126 944.03894
65.96726 935.1389
61.67626 924.18896
57.07126 916.46893
43.16126 893.1389
19.56126 876.93896
-7.219742 872.3189
-20.123741 870.0948
-32.993744 870.6594
-46.35374 874.0357
-57.79074 876.926
-69.65674 882.7587
-79.787735 890.4707
-83.635635 893.3998
-90.65473 900.1844
-94.16673 904.3697
-105.18073 917.4947
-111.97873 932.7737
-114.76873 950.6707
-115.70499 956.67834
-115.70506 969.9567
-114.76888 976.0977
-113.90929 981.73615
-113.8675 981.85974
-112.86988 981.7176
-112.048584 981.6006
-112.04359 967.5586
-108.33252 976.28784
-106.77112 972.74884
-103.63002 970.49365
-99.525116 969.96454
-95.575714 969.45544
-95.919716 969.91925
-95.919716 965.1027
-95.919716 953.1847
-93.29082 941.84375
-88.02672 931.0507
-86.65222 928.23285
-85.51662 925.8419
-85.50322 925.73755
-85.48994 925.6332
-85.09543 924.9299
-84.62704 924.17474
-84.15861 923.41956
-83.77534 922.6168
-83.77534 922.3909
-83.77534 922.16504
-83.531876 921.8436
-83.23427 921.6767
-82.93669 921.50977
-81.531265 919.9216
-80.11107 918.1473
-70.13267 905.6813
-58.24507 897.21326
-44.11607 892.50525
-27.84107 887.08276
-10.71307 887.3082
5.409931 893.15735
26.48793 900.80396
43.97993 918.82336
51.143932 940.27136
52.475533 944.25793
54.357834 952.36035
54.363934 954.13135
54.367733 954.78876
54.534634 954.96216
55.031075 954.8181
57.873676 953.99316
59.279476 953.7815
60.557877 953.9859
62.486176 954.29425
64.23418 955.2131
64.23418 955.9182
64.23418 956.22595
64.57574 956.4777
64.993195 956.4777
65.49919 956.4777
65.75223 956.22473
65.75223 955.7187
65.75223 955.3012
65.601326 954.95966
65.41693 954.95966
65.23254 954.95966
64.96501 953.8069
64.82242 952.39795
64.36742 947.75793
62.756416 940.53796
61.04442 935.33795
55.108418 917.298
42.844418 901.40796
26.475418 890.53796
21.642418 887.32794
11.151418 882.09796
7.836418 881.248
7.024818 881.03796
5.080118 880.428
3.514618 879.888
-0.34408212 878.558
-9.534382 876.758
-15.186382 876.238
-20.650482 875.73126
-29.850382 876.0174
-35.574383 876.872
-53.726383 879.5821
-70.74938 887.925
-83.91638 900.565
-101.74638 917.681
-111.23838 941.075
-110.173386 965.281
-109.807846 973.5938
-109.806854 973.7714
-110.11359 975.812
-110.35461 977.41614
-110.306335 977.6147
-109.67521 977.6147
-109.21854 977.6147
-108.73922 977.10077
-108.32921 976.1714
-418.49252 950.69086
-418.48752 948.9689
-418.23544 923.90686
-417.93243 894.9968
-417.62943 866.0878
-417.37738 841.05084
-417.37234 839.3598
-417.36334 836.2849
-421.44315 836.39966
-425.32254 836.5088
-588.42316 848.06866
-592.60315 848.5317
-594.6002 848.7523
-594.50073 862.6713
-594.40125 876.59033
-593.26276 876.68915
-584.30475 877.4661
-569.79877 881.71796
-561.1448 886.10297
-559.225 887.0758
-559.4708 885.9565
-559.688 884.96783
-559.5581 884.73926
-558.35815 883.99756
-556.93854 883.12024
-555.8804 883.18756
-555.8804 884.1553
-555.8804 884.4676
-556.23157 884.9111
-556.6608 885.1408
-557.2626 885.4628
-557.4147 885.86206
-557.32495 886.8844
-557.2232 888.0446
-556.9529 888.3577
-555.16187 889.3891
-553.11505 890.5678
-553.31616 888.5127
-553.5019 886.61487
-553.41644 886.3196
-552.1996 884.6549
-551.47485 883.66345
-550.6349 882.85223
-550.333 882.85223
-549.3061 882.85223
-549.3498 883.97314
-550.4342 885.4456
-551.4033 886.7617
-551.5029 887.1668
-551.3917 889.3426
-551.26764 891.7708
-548.73517 893.577
-546.2027 895.38324
-545.9733 890.1887
-545.7455 885.0294
-545.7365 884.9882
-544.645 884.1149
-542.54803 882.437
-541.4856 883.52856
-543.1245 885.67725
-544.0761 886.92487
-544.11536 887.17334
-544.11536 891.94696
-544.11536 896.91754
-542.6926 898.13934
-541.91016 898.81134
-540.362 900.20776
-539.2522 901.2424
-537.2345 903.1236
-537.3127 894.4298
-537.39087 885.7361
-536.11835 884.67377
-534.6655 883.46094
-533.94965 883.3376
-533.6033 884.24054
-533.4451 884.65265
-533.71106 885.17
-534.3742 885.74036
-535.38654 886.61115
-535.38654 895.905
-535.38654 901.74384
-535.24426 905.2868
-535.0038 905.4354
-534.7933 905.56555
-533.5835 906.87744
-532.31537 908.3508
-530.00977 911.0297
-530.2851 897.9647
-530.5604 884.8997
-529.3288 883.49695
-527.2632 881.1445
-525.7379 882.07733
-527.61847 884.543
-528.64624 885.8905
-528.3642 899.6145
-528.08215 913.3385
-525.56726 917.0525
-523.05237 920.7665
-522.8501 902.0945
-522.7389 891.82446
-522.6108 883.37946
-522.5655 883.32745
-522.5202 883.27527
-522.19525 883.23254
-521.8434 883.23254
-521.4916 883.23254
-520.8171 882.8694
-520.34467 882.42554
-519.43085 881.5671
-518.3085 881.6826
-518.3085 882.6352
-518.3085 882.9459
-518.9062 883.67706
-519.6368 884.26
-520.9651 885.3198
-520.9651 904.93085
-520.9651 924.5419
-519.26227 927.96326
-515.97 934.5784
-513.6263 941.46924
-512.21014 948.69727
-511.7603 950.9933
-511.33133 953.0854
-511.2569 953.34625
-511.14954 953.7224
-501.53378 953.8206
-464.8089 953.8206
-418.4969 953.8206
-418.48788 950.68964
-495.4475 935.36285
-497.4399 934.4161
-497.4399 885.3921
-495.9059 883.9328
-494.2481 882.3558
-493.38123 882.1094
-492.99863 883.1064
-492.83044 883.5446
-493.18423 884.099
-494.14914 884.90906
-495.54245 886.07886
-495.54242 909.62787
-495.5424 933.1769
-493.8083 934.0194
-492.5973 934.6077
-492.1121 935.0586
-492.19968 935.5138
-492.38312 936.46625
-493.20648 936.42804
-495.44748 935.3632
-461.6705 935.36285
-463.6629 934.4161
-463.6629 885.3921
-462.1289 883.9328
-460.4711 882.3558
-459.60422 882.1094
-459.22162 883.1064
-459.05344 883.5446
-459.40723 884.099
-460.37213 884.90906
-461.76544 886.07886
-461.7654 909.62787
-461.7654 933.1769
-460.0313 934.0194
-458.8203 934.6077
-458.3351 935.0586
-458.4227 935.5138
-458.60614 936.46625
-459.4295 936.42804
-461.6705 935.3632
-503.4165 934.98334
-505.4089 934.03656
-505.4089 885.0126
-503.8749 883.5533
-502.2171 881.97626
-501.35022 881.72986
-500.96762 882.72687
-500.79944 883.1651
-501.15323 883.7195
-502.11813 884.52954
-503.51144 885.69934
-503.5114 909.24835
-503.51138 932.79736
-501.77728 933.6399
-500.56628 934.2282
-500.0811 934.6791
-500.16867 935.1343
-500.3521 936.08673
-501.17548 936.0486
-503.41647 934.9837
-487.4765 934.98334
-489.4689 934.03656
-489.4689 885.0126
-487.9349 883.5533
-486.2771 881.97626
-485.41022 881.72986
-485.02762 882.72687
-484.85944 883.1651
-485.21323 883.7195
-486.17813 884.52954
-487.57144 885.69934
-487.5714 909.24835
-487.5714 932.79736
-485.8373 933.6399
-484.6263 934.2282
-484.1411 934.6791
-484.2287 935.1343
-484.41214 936.08673
-485.2355 936.0486
-487.4765 934.9837
-477.9887 934.98334
-479.9811 934.03656
-479.9811 885.0126
-478.4471 883.5533
-476.7893 881.97626
-475.92242 881.72986
-475.53983 882.72687
-475.37164 883.1651
-475.72543 883.7195
-476.69034 884.52954
-478.08365 885.69934
-478.08362 909.24835
-478.08362 932.79736
-476.34952 933.6399
-475.13852 934.2282
-474.65332 934.6791
-474.7409 935.1343
-474.92435 936.08673
-475.7477 936.0486
-477.9887 934.9837
-469.6394 934.98334
-471.6318 934.03656
-471.6318 885.0126
-470.0978 883.5533
-468.44 881.97626
-467.57312 881.72986
-467.19052 882.72687
-467.02234 883.1651
-467.37613 883.7195
-468.34103 884.52954
-469.73434 885.69934
-469.7343 909.24835
-469.73428 932.79736
-468.00018 933.6399
-466.78918 934.2282
-466.304 934.6791
-466.39157 935.1343
-466.575 936.08673
-467.39838 936.0486
-469.63937 934.9837
-453.6994 934.98334
-455.6918 934.03656
-455.6918 885.0126
-454.1578 883.5533
-452.5 881.97626
-451.63312 881.72986
-451.25052 882.72687
-451.08234 883.1651
-451.43613 883.7195
-452.40103 884.52954
-453.79434 885.69934
-453.7943 909.24835
-453.7943 932.79736
-452.0602 933.6399
-450.8492 934.2282
-450.364 934.6791
-450.4516 935.1343
-450.63504 936.08673
-451.4584 936.0486
-453.6994 934.9837
-444.2116 934.98334
-446.204 934.03656
-446.204 885.0126
-444.67 883.5533
-443.0122 881.97626
-442.14532 881.72986
-441.76273 882.72687
-441.59454 883.1651
-441.94833 883.7195
-442.91324 884.52954
-444.30655 885.69934
-444.30652 909.24835
-444.30652 932.79736
-442.57242 933.6399
-441.36142 934.2282
-440.87622 934.6791
-440.9638 935.1343
-441.14725 936.08673
-441.9706 936.0486
-444.2116 934.9837
-511.76462 934.6038
-513.757 933.65704
-513.757 884.63306
-512.223 883.17377
-510.56522 881.59674
-509.69833 881.35034
-509.31573 882.34735
-509.14755 882.7856
-509.50134 883.33997
-510.46625 884.15
-511.85956 885.3198
-511.85953 908.86884
-511.8595 932.41785
-510.1254 933.2604
-508.9144 933.8487
-508.4292 934.29956
-508.51678 934.75476
-508.70023 935.7072
-509.5236 935.66907
-511.7646 934.6042
-298.6646 945.7008
-284.4186 945.6792
-272.7626 945.5334
-272.7626 945.37683
-272.76257 945.2203
-271.86597 945.09015
-270.7701 945.0877
-268.6046 945.0827
-265.6512 944.381
-263.8341 943.4394
-261.4895 942.2245
-259.4796 939.2268
-259.4796 936.9449
-259.4796 936.4164
-259.28534 935.9839
-259.0479 935.9839
-258.74146 935.9839
-258.68353 935.07556
-258.8483 932.8529
-258.97592 931.1309
-259.19217 911.2779
-259.32877 888.7349
-259.4654 866.1919
-259.59793 847.7359
-259.62326 847.7219
-259.78094 847.6341
-356.04126 848.3558
-356.13126 848.44543
-356.19226 848.5064
-355.81985 864.7694
-355.3037 884.58545
-354.78754 904.4014
-354.36362 923.4744
-354.36166 926.97144
-354.35867 931.87225
-354.24716 933.32825
-353.8737 933.32825
-353.53925 933.32825
-353.4331 933.78784
-353.53085 934.81287
-353.8867 938.54407
-351.32486 942.8711
-347.68317 944.68976
-345.28226 945.88873
-341.16376 946.21423
-331.77716 945.94666
-327.81125 945.8336
-312.91016 945.7234
-298.66516 945.7018
-138.8946 944.182
-131.9544 944.1608
-126.275604 944.0153
-126.275604 943.85876
-126.27541 943.7022
-125.860535 943.57416
-125.35362 943.57416
-124.8467 943.57416
-124.17582 943.318
-123.862724 943.0049
-123.54963 942.6918
-123.136604 942.4356
-122.94488 942.4356
-122.28699 942.4356
-121.07998 941.1068
-120.87648 940.1585
-120.63249 939.0215
-119.33398 935.4928
-119.06098 935.2248
-118.95468 935.1204
-118.45501 934.0104
-117.95068 932.758
-115.92858 927.7366
-112.06858 919.259
-110.12998 915.582
-107.25058 910.1202
-104.88788 906.746
-99.375984 900.224
-96.74178 897.1071
-94.199684 894.0832
-93.72688 893.5043
-92.86724 892.45166
-93.45867 871.6177
-93.78395 860.1587
-94.14232 849.8717
-94.25504 848.75665
-94.459946 846.72986
-148.41394 846.97455
-178.08894 847.10913
-202.77895 847.30536
-203.28194 847.4106
-204.19562 847.602
-203.93788 882.58997
-203.79613 901.83295
-203.6745 921.31195
-203.66756 925.87494
-203.65425 934.6666
-203.3252 937.68494
-202.16235 939.68396
-201.5162 940.795
-201.50728 940.91736
-202.07245 940.91736
-203.04024 940.91736
-200.78564 943.1373
-198.95255 943.9894
-197.50705 944.66125
-196.33714 944.6836
-174.47354 944.45764
-161.84554 944.32715
-145.83453 944.203
-138.89455 944.18176
-604.1746 876.211
-596.48944 876.211
-596.4895 862.423
-596.48956 848.636
-597.53326 848.8563
-598.1073 848.9775
-600.02856 849.1563
-601.80273 849.2537
-612.72675 849.85333
-613.2877 849.99426
-614.99274 852.5683
-616.0347 854.14197
-616.15045 865.467
-616.2662 876.792
-614.0632 876.5016
-612.8515 876.34186
-608.4018 876.2112
-604.175 876.2112
-602.9906 847.336
-602.9133 847.2684
-602.9517 846.8086
-603.0758 846.3142
-603.2958 845.4377
-603.3844 845.4194
-606.6319 845.57886
-608.4637 845.6689
-610.0848 845.85486
-610.2346 845.99225
-610.38434 846.12964
-610.4129 846.60114
-610.2981 847.04004
-610.10046 847.7959
-609.906 847.82794
-606.6103 847.64844
-604.6968 847.5442
-603.0679 847.4036
-602.99066 847.33606
-264.8906 845.799
-261.8296 845.67554
-259.48248 845.42224
-259.48248 845.2155
-259.48248 844.9831
-267.66208 844.9301
-281.96848 845.0699
-294.33548 845.1907
-316.19547 845.3934
-330.54648 845.5203
-345.5185 845.6528
-356.6385 845.89624
-356.6385 846.09155
-356.6385 846.44977
-274.5315 846.1879
-264.89148 845.799
-205.97159 845.0325
-205.97159 844.45624
-207.08978 844.4251
-219.72859 844.6493
-227.29509 844.7835
-238.9086 844.895
-245.53558 844.897
-253.31319 844.899
-257.58557 845.03516
-257.58557 845.28015
-257.58557 845.5294
-248.73027 845.65967
-231.77856 845.65967
-208.03256 845.65967
-205.97156 845.60956
-205.97156 845.0324
-142.49759 845.0564
-99.97859 844.83655
-94.39459 844.7412
-94.39459 844.2351
-94.39459 843.72815
-97.189095 843.6899
-118.778595 843.90094
-132.18959 844.03204
-156.8676 844.2477
-173.61859 844.3802
-195.67659 844.5546
-204.07458 844.73804
-204.07458 845.0455
-204.07489 845.3456
-202.10158 845.4458
-197.33818 845.3875
-193.63287 845.3422
-168.95518 845.1932
-142.49818 845.0564
-358.75757 844.8058
-358.68576 844.54486
-358.42206 843.136
-358.1717 841.6748
-357.9213 840.2137
-357.57245 838.3351
-357.39648 837.5002
-356.5927 833.68677
-342.59448 762.7022
-342.59348 762.4372
-342.5931 762.2725
-344.06168 762.18713
-345.85687 762.24744
-349.12097 762.3571
-353.00818 772.0347
-355.14618 777.3574
-362.15897 794.77673
-368.59216 810.74475
-375.02536 826.71277
-380.30518 840.1188
-380.32416 840.53674
-380.34357 840.9542
-380.4998 841.51483
-380.67148 841.78253
-380.84317 842.05023
-381.12897 842.77606
-381.3066 843.39545
-381.60568 844.43823
-381.55426 844.5253
-380.61243 844.572
-378.63263 844.6702
-364.75244 845.14294
-361.84143 845.21124
-359.75262 845.26025
-358.85004 845.1417
-358.75763 844.80615
-378.90457 842.7719
-378.99347 842.54034
-372.12558 825.20593
-363.64258 804.2509
-351.0496 773.1439
-348.00858 765.9569
-347.0746 765.09393
-346.1723 764.25977
-345.8183 764.12915
-345.4001 764.47626
-345.1084 764.7183
-344.86975 765.1542
-344.86975 765.44476
-344.86975 766.64746
-360.86676 842.45374
-361.18875 842.7748
-361.7134 843.29944
-378.70276 843.2964
-378.90475 842.7718
-355.21158 806.1259
-351.19366 786.88794
-347.94888 771.1059
-348.0008 771.0559
-348.0717 770.98694
-374.8468 836.8719
-376.1988 840.4409
-376.43265 841.0585
-375.96146 841.10504
-369.48358 841.10455
-362.51688 841.1042
-355.21167 806.12616
-9.191589 844.1449
24.175411 843.6819
32.42141 842.6293
47.59941 836.895
50.86451 835.6615
54.74511 834.05475
56.22281 833.3244
57.70051 832.5941
59.159008 831.9966
59.46381 831.9966
59.98727 831.9966
60.70261 830.60596
60.35699 830.2604
60.26849 830.1719
56.89109 831.5699
52.85179 833.36707
42.974693 837.76154
38.10179 839.30804
29.690792 840.71796
25.891693 841.3548
22.590792 841.8442
22.355593 841.80536
22.120293 841.76666
21.159292 841.85236
20.219994 841.9958
19.280704 842.1393
17.487494 842.3479
16.235094 842.45935
13.676194 842.68713
-27.940905 843.26917
-66.782906 843.62036
-86.5639 843.7992
-92.4949 843.9591
-92.4949 844.31354
-92.4949 844.82263
-52.152905 844.74097
-9.191902 844.14484
-604.1716 843.531
-602.6246 843.3435
-602.55865 843.2821
-602.55865 842.0304
-602.55865 840.7254
-612.426 840.7254
-612.426 844.104
-609.10535 843.9152
-607.27893 843.8114
-605.0588 843.6385
-604.17163 843.53094
-301.28156 843.1719
-301.20856 843.10657
-302.61746 840.2906
-304.41257 836.91406
-307.93497 830.2886
-308.14337 829.45654
-306.94318 826.81305
-306.28168 825.35626
-306.0626 825.19824
-304.09097 824.757
-302.26337 824.348
-301.77798 824.3637
-300.72516 824.8657
-298.88846 825.7416
-297.04987 827.4165
-297.04987 828.2139
-297.04987 828.6012
-295.35147 832.1297
-293.27567 836.0551
-289.50146 843.1922
-258.33145 843.04834
-227.16145 842.9045
-223.48996 840.82806
-221.47066 839.68604
-218.81616 838.1481
-217.59116 837.4103
-215.42296 836.10455
-215.28436 836.0744
-212.37476 836.2738
-208.27606 836.55475
-207.19786 837.23834
-205.98926 840.3223
-205.04396 842.73444
-176.37796 842.49023
-160.61096 842.3559
-133.43497 842.13495
-115.984955 841.9992
-84.25796 841.7524
-69.90996 818.4454
-62.018757 805.62634
-55.271957 794.7644
-54.917957 794.3074
-52.67336 791.41315
-51.527756 783.57635
-52.84076 780.09937
-55.112858 774.08136
-60.55486 764.7234
-63.877758 761.12036
-65.01796 759.88403
-195.73796 760.84827
-267.63495 761.3786
-329.55798 761.91
-333.33795 762.02905
-340.21936 762.2456
-340.43414 763.6294
-340.55228 764.3905
-340.98825 766.5502
-341.40298 768.4288
-343.81787 779.36676
-345.01718 785.2508
-350.3762 812.4518
-353.62488 828.9418
-356.37778 842.7508
-356.4938 843.13776
-356.69846 843.8215
-355.88464 843.83417
-329.0568 843.5664
-313.8508 843.4147
-301.3488 843.23706
-301.2758 843.1718
-291.73676 843.248
-291.73676 843.17426
-293.44455 839.8694
-295.53186 835.9037
-297.61917 831.9381
-299.32816 828.5401
-299.32956 828.3526
-299.32956 828.16516
-299.91238 827.6167
-300.62155 827.1338
-301.65454 826.4304
-302.19016 826.3083
-303.31577 826.5194
-304.46585 826.73517
-304.82455 827.03174
-305.29398 828.1554
-305.82922 829.4365
-305.81387 829.6291
-305.06302 831.0469
-304.62057 831.88226
-304.25906 832.6786
-304.25964 832.81647
-304.25964 832.95435
-303.6075 834.23517
-302.80914 835.66284
-302.0108 837.09045
-300.72156 839.4113
-299.94424 840.82025
-298.53085 843.38196
-295.13385 843.38196
-293.26544 843.38196
-291.73685 843.32166
-291.73685 843.2479
-207.98376 840.7257
-208.69865 839.091
-209.01947 838.7714
-210.30156 838.4165
-211.54346 838.07275
-212.18826 838.1355
-214.19955 838.7958
-215.52505 839.2309
-216.81935 839.59045
-217.07596 839.5947
-217.33247 839.59875
-218.73785 840.2786
-220.19896 841.1049
-222.85556 842.60724
-215.00487 842.61523
-207.15417 842.6232
-207.98387 840.72595
-18.33377 841.26465
-2.0737705 841.14197
11.503229 840.8894
11.837229 840.7033
12.171769 840.5172
15.690329 840.0996
19.656229 839.77527
35.29123 838.49664
40.69423 837.04297
55.046227 830.25354
59.743526 828.03143
60.07493 827.80426
60.077526 826.8046
60.077526 826.21606
60.419807 811.83264
60.834846 794.84064
61.372276 772.8366
61.472466 763.80664
61.182976 763.45764
60.959446 763.1883
60.527485 761.89087
60.223076 760.57446
58.644978 753.74963
52.448074 745.51843
44.703075 739.95844
38.079475 735.2039
27.266075 731.44904
18.518076 730.86584
16.639477 730.7406
13.565475 730.473
11.686876 730.2712
1.6268759 729.19037
-27.147123 727.32336
-47.51712 726.42957
-69.39512 725.4696
-115.86412 725.91785
-132.52812 727.2495
-135.03293 727.4497
-139.98552 727.8064
-143.53412 728.0423
-147.08252 728.27814
-150.58351 728.51587
-151.31412 728.57056
-152.0447 728.62524
-154.52101 728.7844
-156.81702 728.9244
-159.11302 729.0643
-164.15112 729.42834
-168.01302 729.7334
-183.86902 730.986
-199.03601 732.2202
-200.46101 732.3738
-201.29594 732.4638
-203.51611 732.71027
-205.39471 732.9215
-207.27332 733.13275
-209.83502 733.38306
-211.08742 733.47766
-215.75601 733.83044
-348.9574 752.72864
-351.61743 753.41565
-353.13983 753.8089
-354.79062 754.3961
-355.28592 754.72064
-356.0536 755.22363
-357.76813 758.78955
-357.76813 759.88324
-357.76813 760.08875
-347.97552 760.15826
-333.57413 760.055
-305.97214 759.8571
-226.79413 759.2446
-187.93413 758.9284
-120.468124 758.3794
-70.72413 757.9927
-67.494125 757.99207
-64.03483 757.99133
-63.919327 758.02014
-62.874226 759.13885
-60.648525 761.5215
-55.204525 770.1719
-53.228825 774.4659
-52.099323 776.9205
-50.870125 779.15186
-50.497425 779.4244
-49.868835 779.88403
-49.850586 780.26154
-50.245354 784.63776
-50.692684 789.59607
-52.123055 794.33746
-53.698452 796.08374
-54.431293 796.8962
-81.85845 841.34875
-81.85845 841.72375
-81.85845 841.8343
-74.21605 841.82623
-64.87545 841.70575
-55.53465 841.5853
-34.588448 841.3864
-18.329449 841.26373
-47.745773 832.69006
-49.632374 831.56244
-51.096073 830.09607
-51.905273 828.52295
-52.746574 826.88763
-53.34997 823.44604
-53.097275 821.72455
-52.990475 820.9969
-50.556473 816.92236
-47.053974 811.6085
-37.961575 797.81354
-36.890976 795.10254
-36.890976 785.88654
-36.891243 779.7448
-37.183044 777.99255
-39.589676 769.68054
-40.296936 767.23785
-40.875576 764.48956
-40.875576 763.5731
-40.875576 760.2797
-37.669777 756.2885
-35.076275 756.3529
-34.404346 756.3696
-20.533276 756.8315
-4.2522755 757.37933
25.349724 758.37537
28.949823 759.79156
32.858524 761.32916
34.779625 762.8655
36.148422 765.5486
37.236023 767.68036
37.010143 772.7626
35.59938 777.9006
33.20888 786.6072
29.661581 795.76855
26.75158 800.7516
16.48558 818.3296
1.6185799 825.7286
-36.321423 832.1386
-45.431023 833.6778
-46.044422 833.7075
-47.745422 832.6906
-35.562775 830.0997
-15.044775 826.52167
-0.440773 822.3072
6.7042236 817.9017
7.774624 817.24164
9.248223 816.3656
9.978824 815.95496
15.218723 813.00946
21.724823 805.92395
25.674824 798.86096
29.613424 791.8182
34.632023 776.54297
34.925323 770.70496
35.081944 767.58826
35.018795 767.17444
34.203724 765.97705
32.975323 764.17236
30.527624 762.38293
27.987423 761.43256
26.434822 760.8517
24.295523 760.53394
20.100224 760.26105
15.154324 759.9394
-32.206776 758.22797
-34.75778 758.27875
-36.827877 758.31995
-38.97598 761.11536
-38.977077 763.7698
-38.977417 764.5475
-38.213837 767.6441
-37.280277 770.65106
-35.06458 777.7878
-34.670177 780.51013
-34.908577 787.02405
-35.23773 796.02106
-36.471176 799.01105
-45.509575 812.7261
-50.972576 821.01526
-51.209373 821.4546
-51.209373 823.30206
-51.209373 826.0962
-49.55847 829.16656
-47.207375 830.74536
-46.211834 831.4138
-45.190975 831.89197
-44.938873 831.80786
-44.686684 831.72375
-40.46707 830.9551
-35.561874 830.09973
end
