1.5347071 0.70267576
1.5325586 0.70302725
1.518168 0.7058785
1.5026102 0.7127219
1.4960742 0.72675776
1.492684 0.7354172
1.4932661 0.74496603
1.4919629 0.75405264
1.485681 0.82619554
1.4834958 0.89815664
1.4851465 0.97055656
1.4856094 0.9906606
1.4864382 1.0114398
1.4876562 1.031709
1.4912369 1.0914072
1.4980756 1.1513786
1.5103613 1.2101758
1.5118047 1.2168123
1.5135111 1.2246192
1.5151856 1.2316698
1.5216664 1.259729
1.5303715 1.287188
1.539668 1.3144237
1.5378782 1.3148001
1.5337663 1.3130085
1.531084 1.3125486
1.4399759 1.2884512
1.3484174 1.2663924
1.256084 1.2468748
1.104564 1.2148039
0.9516204 1.1892885
0.79786134 1.1715623
0.7154089 1.162067
0.63241285 1.1547819
0.549375 1.1500682
0.44615 1.1441672
0.34229314 1.1422238
0.23863281 1.144785
0.20674714 1.1455725
0.1747549 1.146832
0.14273438 1.1484959
0.12559086 1.1494945
0.107743785 1.150354
0.090371095 1.1517771
0.077673204 1.1535304
0.06647382 1.1626267
0.0621875 1.1747166
0.056980204 1.1867704
0.060478874 1.2015287
0.06807617 1.2112792
0.103723265 1.2622005
0.14140086 1.3112651
0.18010741 1.3599706
0.29697555 1.5062343
0.42325234 1.6455405
0.5563574 1.7774413
0.6517522 1.8718698
0.75096583 1.9624454
0.85382813 2.0486815
0.9093003 2.0951025
0.9663256 2.1407356
1.0239356 2.1844432
1.106598 2.2472417
1.1914083 2.3070443
1.2786328 2.3636816
1.3746903 2.426082
1.473898 2.484621
1.5753711 2.5382323
1.5962343 2.549225
1.6176747 2.5603182
1.6387988 2.5709083
1.6618168 2.5825524
1.685045 2.5937686
1.7082617 2.6050098
1.6915833 2.6217039
1.676113 2.6395915
1.662207 2.658662
1.6352061 2.6953275
1.6119444 2.7345939
1.5904785 2.774707
1.5859413 2.7832577
1.5810105 2.7927508
1.5764649 2.8017383
1.5281643 2.897671
1.4892569 2.998048
1.4547461 3.099668
1.4318221 3.167426
1.4111284 3.2359226
1.3918946 3.3048143
1.3856486 3.3274522
1.3792697 3.3510985
1.3732617 3.3738184
1.3455788 3.4796014
1.3212192 3.5862331
1.2991894 3.69333
1.2614151 3.877936
1.2304112 4.0645323
1.2040625 4.2512302
1.2018552 4.2614317
1.2028975 4.2726903
1.2091992 4.2813087
1.2182689 4.2939773
1.2357907 4.301314
1.2508105 4.2953906
1.3487827 4.2605653
1.4455894 4.222537
1.5416211 4.182334
1.6765413 4.125532
1.8096739 4.0641494
1.9383985 3.994336
1.9881266 3.9673178
2.0375147 3.9386773
2.0850587 3.908506
2.1521065 3.8657
2.2173612 3.819389
2.2753222 3.7646973
2.2993882 3.741694
2.32238 3.7173116
2.341787 3.690205
2.347756 3.6807585
2.3497832 3.6686144
2.3459473 3.6579785
2.3446255 3.6539736
2.3429403 3.6486163
2.3415918 3.6440332
2.324477 3.5857966
2.3125646 3.5259564
2.3069727 3.465498
2.301902 3.4075155
2.302686 3.3482227
2.3174708 3.2916114
2.3221846 3.2737348
2.3286622 3.2563639
2.336504 3.2396288
2.3634129 3.2347307
2.3902287 3.2293203
2.4168944 3.2232325
2.4262695 3.220996
2.436664 3.2186267
2.4463868 3.2161427
2.5509853 3.190145
2.6531625 3.1536841
2.7494922 3.1051953
2.7608995 3.099431
2.7731998 3.0930488
2.7844336 3.0869238
2.8994296 3.0247061
3.004948 2.9437542
3.0927246 2.8463378
3.133373 2.8014214
3.1708004 2.7523386
3.2037401 2.7010643
3.2202606 2.6753511
3.2361243 2.6483798
3.2507129 2.6211035
3.2891035 2.5495844
3.3204129 2.473391
3.3447657 2.3956056
3.353944 2.366404
3.3621314 2.3368988
3.3695605 2.3069727
3.3793688 2.2672472
3.3877888 2.2262144
3.3946486 2.1855078
3.3980656 2.1653233
3.4010084 2.1452193
3.4038575 2.124746
3.4056008 2.1118717
3.4064622 2.0988994
3.4070704 2.0859277
3.4071558 2.0836973
3.4072669 2.0795977
3.4073632 2.0766504
3.4085076 2.0251424
3.404688 1.9739964
3.402041 1.9225
3.3965654 1.8284793
3.3910403 1.7338594
3.4010644 1.6399415
3.4079556 1.5766832
3.4223063 1.5132196
3.4523828 1.4566895
3.4763978 1.4112483
3.511612 1.3715837
3.5548632 1.3436524
3.575892 1.3298846
3.5986168 1.3188086
3.6221387 1.31
4.0498447 1.309985
4.477548 1.3100301
4.905254 1.3099699
4.921557 1.3101089
4.9367633 1.297639
4.9397264 1.281591
4.9432964 1.2657477
4.9349995 1.2479936
4.92 1.2413664
4.909151 1.2361503
4.896834 1.2385448
4.885254 1.2379973
3.631416 1.2379973
3.5966647 1.1805825
3.553071 1.1285912
3.5031543 1.0837687
3.4876776 1.0699211
3.4715283 1.0568198
3.4547656 1.0445598
3.44815 1.039694
3.4405136 1.0343907
3.4333398 1.029589
3.4052165 1.0108622
3.3754835 0.9945305
3.3444629 0.98112226
3.3408926 0.9796606
3.336002 0.9775059
3.3318555 0.97589767
3.2781353 0.95430815
3.2208185 0.9413973
3.1629298 0.9389934
3.16031 0.9389024
3.156333 0.9387384
3.153545 0.93870044
3.1391823 0.93832487
3.124046 0.9386804
3.1101954 0.9395305
3.1018567 0.9400692
3.0937881 0.94072235
3.0852246 0.9416887
3.0561762 0.94488263
3.0263324 0.950688
2.9977343 0.95858324
2.926663 0.97807944
2.8595777 1.0102878
2.7972364 1.0492961
2.7810001 1.0596478
2.7639694 1.0703895
2.7484179 1.0823137
2.698089 1.1216576
2.6559286 1.170821
2.6215332 1.2244915
2.5840871 1.2831323
2.5564802 1.3478465
2.5385156 1.415009
2.537623 1.418409
2.536365 1.42333
2.535332 1.4273137
2.5329256 1.4371666
2.5305161 1.4475381
2.5285938 1.4569523
2.5243518 1.4770428
2.5213215 1.4973526
2.5178711 1.5175872
2.4837973 1.4691619
2.449192 1.4210193
2.413174 1.3741691
2.323059 1.2566257
2.2262375 1.1439403
2.119922 1.0407023
2.0388532 0.9623186
1.9521937 0.88911307
1.8570703 0.82826096
1.7803465 0.77943075
1.6976241 0.7383845
1.6091113 0.71607345
1.5846416 0.7100506
1.5597737 0.7051444
1.5347071 0.70267504
1.5643555 0.7801953
1.5681348 0.7810449
1.5719141 0.7818945
1.5756934 0.78274417
1.6540058 0.799706
1.7275949 0.8338545
1.7959082 0.8751172
1.8832164 0.9280877
1.9627894 0.9928778
2.0373828 1.0623828
2.1421268 1.1604775
2.237262 1.268424
2.326162 1.3809472
2.3919225 1.4646008
2.4545236 1.5507863
2.5126562 1.6399219
2.5175936 1.6478715
2.5226443 1.656476
2.5314453 1.6606836
2.5437558 1.6672496
2.5603216 1.6672478
2.5711913 1.6577832
2.5809262 1.6501373
2.5853736 1.6374211
2.5845215 1.625293
2.584912 1.5265
2.6026015 1.4269094
2.6434667 1.3365821
2.6743767 1.2682773
2.7180882 1.2051361
2.7744532 1.1553808
2.7883227 1.1429584
2.8035467 1.1322136
2.8192186 1.122207
2.8894925 1.076518
2.966565 1.039446
3.0490234 1.0223438
3.1239152 1.0066355
3.2031639 1.0090389
3.275957 1.0334179
3.356857 1.0601611
3.42813 1.1108422
3.4869726 1.1717578
3.512872 1.1984068
3.536317 1.2273347
3.5579882 1.2575
3.5307336 1.2710388
3.504379 1.2866461
3.480713 1.3058593
3.4432206 1.3358297
3.412252 1.3736683
3.3893359 1.415791
3.3872464 1.4196848
3.3849502 1.4239359
3.382744 1.4283789
3.361014 1.471703
3.3469458 1.5185251
3.337871 1.5660352
3.3372865 1.5694137
3.3362525 1.5749005
3.3356543 1.5783398
3.3303854 1.6091156
3.3270888 1.6402037
3.325117 1.6713574
3.3245094 1.6813138
3.3239586 1.6922685
3.3236132 1.702627
3.3221586 1.7428775
3.3227499 1.784353
3.3242676 1.824541
3.326499 1.8866096
3.3313339 1.9484586
3.3339355 2.0105958
3.3352447 2.0484993
3.3363595 2.0866623
3.3314161 2.1243653
3.308836 2.2880123
3.262896 2.449754
3.1840527 2.5955079
3.126847 2.7017047
3.0519717 2.7985055
2.9624512 2.8794532
2.8716874 2.9617658
2.7664976 3.0275695
2.6542675 3.0764258
2.51647 3.1364508
2.3687053 3.1720045
2.2194335 3.1876173
2.1432428 3.1953704
2.066453 3.198479
1.9899316 3.194541
1.9801444 3.1940536
1.9703695 3.1932359
1.960664 3.192041
1.9459151 3.191632
1.9339833 3.2041657
1.9304297 3.2176952
1.9262847 3.2311518
1.9299937 3.2469416
1.9408886 3.2561817
1.9483178 3.263066
1.9586254 3.26554
1.9685254 3.265371
1.9991037 3.2668796
2.029775 3.267454
2.0605762 3.2665625
2.1109076 3.2649603
2.1621377 3.260449
2.2127051 3.2550976
2.2277966 3.2534387
2.2433777 3.2516303
2.2586524 3.2498634
2.2512672 3.2748961
2.2449653 3.30029
2.2413867 3.3261719
2.239564 3.3385804
2.2381768 3.3513184
2.2372363 3.3633986
2.2362974 3.3750231
2.235688 3.3877282
2.2354298 3.3993652
2.2339334 3.474948
2.243722 3.550497
2.2611036 3.6239746
2.264276 3.6373272
2.2678072 3.6503396
2.2715626 3.6633692
2.2313032 3.7125168
2.1820438 3.753368
2.1310058 3.7908204
2.0516071 3.8485365
1.9665142 3.897924
1.8799415 3.9439843
1.7480997 4.013614
1.6120334 4.07496
1.4742578 4.1318455
1.411458 4.157749
1.3481989 4.182535
1.2845899 4.206377
1.3202869 3.9641602
1.3634106 3.7228305
1.4212989 3.4848633
1.4544026 3.349533
1.4921939 3.2151935
1.5386523 3.083789
1.5707812 2.9933465
1.6068354 2.9040763
1.6511328 2.8188477
1.6754425 2.7726247
1.7018647 2.727209
1.7343163 2.686162
1.7427223 2.6755342
1.7518467 2.6654482
1.7617188 2.6561913
1.7668575 2.6485999
1.7688091 2.63941
1.7723242 2.631035
1.8664895 2.6724665
1.9584256 2.7183099
2.056211 2.7510254
2.072941 2.7582507
2.0937035 2.7488244
2.1009376 2.7324805
2.1090295 2.7169995
2.1028724 2.696625
2.0885937 2.687041
2.0801654 2.681308
2.069863 2.6795454
2.0605078 2.67584
1.733582 2.5626352
1.4274566 2.39409
1.1476855 2.1914356
0.9258889 2.0307055
0.7198789 1.8486198
0.5301953 1.651123
0.4179019 1.5340015
0.31105968 1.4115475
0.21172851 1.2832227
0.19561148 1.2624254
0.17984527 1.2413647
0.16410156 1.2202832
0.23780978 1.2169044
0.31160754 1.215427
0.38539064 1.2164941
0.64814425 1.2201245
0.91008216 1.251217
1.1678125 1.3016602
1.3905466 1.3454579
1.6104716 1.4035463
1.8259375 1.4749707
1.9156675 1.504921
2.0047946 1.5368166
2.0922656 1.5728809
2.1011972 1.5770004
2.1109812 1.5807633
2.1209862 1.5787598
2.13942 1.5760568
2.153314 1.5573596
2.1510742 1.5389551
2.1499174 1.5250317
2.1397364 1.512827
2.1265917 1.508418
2.059127 1.4809381
1.9905343 1.4563241
1.9216797 1.4325781
1.8265752 1.4000016
1.7307984 1.3700932
1.6341993 1.3424512
1.6054798 1.2914438
1.5895115 1.2344128
1.5785937 1.1772265
1.563798 1.097789
1.5588937 1.0168163
1.5584668 0.9361133
1.5583148 0.88408476
1.5603163 0.8320636
1.5643555 0.7801953
3.247295 1.1621094
3.2444909 1.1619588
3.2416773 1.1619579
3.2388673 1.1621194
3.209598 1.163359
3.1822114 1.182645
3.1708593 1.2095999
3.1589108 1.2367247
3.164188 1.2703984
3.1840625 1.292432
3.2018585 1.3130552
3.2308586 1.322838
3.2575488 1.3176663
3.2864797 1.312707
3.3115325 1.2901567
3.3191016 1.2617385
3.3266816 1.2353839
3.3191519 1.2053368
3.2997265 1.1859086
3.2860518 1.1717199
3.266923 1.1631637
3.247295 1.1621097
