618.0 11337.0
561.0 11286.0
555.0 11267.0
581.0 11215.0
610.0 11156.0
626.0 11144.0
678.0 11137.0
702.0 11134.0
729.0 11125.0
739.0 11116.0
749.0 11107.0
766.0 11100.0
777.0 11100.0
788.0 11100.0
809.0 11091.0
823.0 11080.0
837.0 11069.0
855.0 11060.0
864.0 11060.0
872.0 11060.0
884.0 11051.0
890.0 11039.0
911.0 11002.0
887.0 10990.0
791.0 10990.0
724.0 10990.0
695.0 10985.0
665.0 10970.0
634.0 10954.0
606.0 10950.0
530.0 10950.0
435.0 10950.0
434.0 10950.0
403.0 10918.0
341.0 10852.0
340.0 10824.0
400.0 10756.0
432.0 10720.0
534.0 10720.0
617.0 10720.0
642.0 10724.0
673.0 10740.0
703.0 10756.0
726.0 10760.0
773.0 10758.0
828.0 10755.0
835.0 10753.0
838.0 10733.0
841.0 10716.0
835.0 10709.0
813.0 10704.0
798.0 10700.0
776.0 10690.0
765.0 10681.0
754.0 10671.0
711.0 10642.0
670.0 10615.0
629.0 10587.0
577.0 10546.0
555.0 10522.0
533.0 10497.0
496.0 10457.0
473.0 10431.0
449.0 10406.0
430.0 10378.0
430.0 10369.0
430.0 10360.0
421.0 10345.0
410.0 10335.0
399.0 10325.0
390.0 10312.0
390.0 10305.0
390.0 10299.0
370.0 10268.0
346.0 10237.0
315.0 10197.0
295.0 10156.0
276.0 10093.0
261.0 10045.0
244.0 9992.0
239.0 9975.0
233.0 9959.0
226.0 9829.0
223.0 9687.0
217.0 9428.0
244.0 9342.0
259.0 9294.0
278.0 9240.0
286.0 9222.0
294.0 9204.0
300.0 9180.0
300.0 9169.0
300.0 9146.0
358.0 9017.0
371.0 9012.0
396.0 9002.0
466.0 8935.0
474.0 8913.0
482.0 8888.0
655.0 8710.0
671.0 8710.0
676.0 8710.0
701.0 8690.0
727.0 8666.0
833.0 8568.0
879.0 8530.0
894.0 8530.0
901.0 8530.0
915.0 8521.0
925.0 8510.0
935.0 8499.0
948.0 8490.0
954.0 8490.0
960.0 8490.0
971.0 8481.0
978.0 8470.0
985.0 8458.0
1001.0 8450.0
1016.0 8450.0
1030.0 8450.0
1053.0 8441.0
1067.0 8430.0
1081.0 8419.0
1099.0 8410.0
1107.0 8410.0
1116.0 8410.0
1143.0 8393.0
1169.0 8372.0
1194.0 8350.0
1226.0 8330.0
1240.0 8327.0
1254.0 8323.0
1283.0 8305.0
1304.0 8287.0
1343.0 8254.0
1343.0 8253.0
1327.0 8229.0
1313.0 8209.0
1310.0 8178.0
1310.0 8030.0
1310.0 7890.0
1306.0 7838.0
1291.0 7779.0
1280.0 7735.0
1269.0 7648.0
1266.0 7565.0
1258.0 7417.0
1253.0 7380.0
1239.0 7380.0
1234.0 7380.0
1228.0 7391.0
1225.0 7405.0
1222.0 7419.0
1218.0 7440.0
1215.0 7453.0
1210.0 7477.0
1163.0 7510.0
1133.0 7510.0
1123.0 7510.0
1103.0 7503.0
1088.0 7496.0
1072.0 7488.0
1040.0 7478.0
1015.0 7474.0
990.0 7471.0
960.0 7460.0
947.0 7450.0
935.0 7441.0
914.0 7429.0
901.0 7425.0
871.0 7416.0
807.0 7372.0
797.0 7354.0
793.0 7346.0
783.0 7340.0
776.0 7340.0
769.0 7340.0
755.0 7331.0
745.0 7320.0
735.0 7309.0
721.0 7300.0
713.0 7300.0
706.0 7300.0
692.0 7291.0
683.0 7280.0
673.0 7269.0
660.0 7260.0
653.0 7260.0
647.0 7260.0
639.0 7251.0
635.0 7241.0
632.0 7230.0
620.0 7218.0
609.0 7215.0
599.0 7211.0
590.0 7205.0
590.0 7200.0
590.0 7195.0
575.0 7183.0
558.0 7174.0
540.0 7164.0
521.0 7152.0
515.0 7145.0
491.0 7118.0
400.0 7050.0
355.0 7026.0
328.0 7011.0
298.0 6991.0
288.0 6980.0
277.0 6969.0
261.0 6960.0
250.0 6960.0
240.0 6960.0
185.0 6916.0
128.0 6860.0
71.0 6805.0
19.0 6760.0
13.0 6760.0
3.0 6760.0
0.0 6709.0
0.0 6540.0
0.0 6353.0
2.0 6320.0
15.0 6320.0
23.0 6320.0
37.0 6309.0
46.0 6295.0
55.0 6281.0
68.0 6270.0
74.0 6270.0
81.0 6270.0
101.0 6259.0
120.0 6245.0
139.0 6231.0
160.0 6220.0
168.0 6220.0
176.0 6220.0
193.0 6211.0
207.0 6200.0
221.0 6189.0
240.0 6180.0
249.0 6180.0
265.0 6180.0
279.0 6171.0
340.0 6123.0
355.0 6110.0
372.0 6100.0
378.0 6100.0
383.0 6100.0
394.0 6093.0
401.0 6083.0
409.0 6074.0
429.0 6061.0
445.0 6053.0
477.0 6039.0
493.0 6030.0
551.0 5993.0
570.0 5980.0
600.0 5970.0
616.0 5970.0
634.0 5970.0
654.0 5962.0
665.0 5950.0
676.0 5938.0
696.0 5930.0
717.0 5930.0
735.0 5930.0
767.0 5921.0
787.0 5910.0
808.0 5899.0
844.0 5890.0
867.0 5890.0
902.0 5890.0
916.0 5896.0
950.0 5928.0
997.0 5974.0
1002.0 6012.0
968.0 6069.0
941.0 6113.0
932.0 6120.0
900.0 6120.0
886.0 6120.0
859.0 6128.0
840.0 6138.0
821.0 6149.0
788.0 6160.0
766.0 6163.0
745.0 6166.0
720.0 6176.0
711.0 6183.0
702.0 6191.0
679.0 6201.0
660.0 6205.0
624.0 6213.0
598.0 6229.0
513.0 6296.0
484.0 6319.0
439.0 6348.0
413.0 6361.0
387.0 6373.0
354.0 6392.0
341.0 6402.0
328.0 6412.0
302.0 6420.0
284.0 6420.0
265.0 6420.0
250.0 6425.0
250.0 6431.0
250.0 6436.0
235.0 6447.0
217.0 6455.0
200.0 6462.0
172.0 6482.0
157.0 6498.0
128.0 6528.0
128.0 6528.0
146.0 6556.0
166.0 6587.0
218.0 6640.0
229.0 6640.0
232.0 6640.0
246.0 6654.0
260.0 6672.0
298.0 6720.0
353.0 6770.0
369.0 6770.0
376.0 6770.0
395.0 6781.0
412.0 6795.0
428.0 6809.0
450.0 6820.0
460.0 6820.0
470.0 6820.0
482.0 6825.0
485.0 6831.0
489.0 6836.0
502.0 6845.0
513.0 6851.0
525.0 6856.0
555.0 6876.0
580.0 6895.0
605.0 6914.0
639.0 6936.0
655.0 6944.0
672.0 6951.0
698.0 6972.0
714.0 6989.0
731.0 7006.0
749.0 7020.0
755.0 7020.0
761.0 7020.0
797.0 7049.0
835.0 7085.0
874.0 7120.0
910.0 7150.0
916.0 7150.0
922.0 7150.0
935.0 7159.0
945.0 7170.0
955.0 7181.0
969.0 7190.0
977.0 7190.0
984.0 7190.0
993.0 7197.0
996.0 7205.0
1004.0 7225.0
1105.0 7280.0
1135.0 7280.0
1149.0 7280.0
1169.0 7286.0
1181.0 7293.0
1198.0 7303.0
1203.0 7302.0
1216.0 7285.0
1229.0 7269.0
1230.0 7245.0
1225.0 7155.0
1222.0 7095.0
1213.0 7014.0
1205.0 6975.0
1198.0 6937.0
1189.0 6856.0
1185.0 6795.0
1181.0 6735.0
1171.0 6665.0
1162.0 6640.0
1149.0 6601.0
1146.0 6493.0
1143.0 5870.0
1139.0 5151.0
1139.0 5145.0
1118.0 5128.0
1104.0 5115.0
1080.0 5110.0
1040.0 5110.0
996.0 5110.0
979.0 5106.0
965.0 5090.0
955.0 5079.0
938.0 5070.0
927.0 5070.0
909.0 5070.0
889.0 5057.0
806.0 4987.0
785.0 4970.0
761.0 4951.0
753.0 4947.0
745.0 4942.0
703.0 4902.0
659.0 4859.0
615.0 4816.0
575.0 4780.0
569.0 4780.0
554.0 4780.0
460.0 4719.0
460.0 4709.0
460.0 4705.0
451.0 4698.0
440.0 4695.0
428.0 4691.0
401.0 4665.0
379.0 4637.0
357.0 4608.0
322.0 4565.0
300.0 4541.0
278.0 4517.0
260.0 4489.0
260.0 4479.0
260.0 4469.0
251.0 4456.0
240.0 4450.0
227.0 4443.0
220.0 4429.0
220.0 4410.0
220.0 4391.0
213.0 4376.0
200.0 4368.0
189.0 4361.0
180.0 4344.0
180.0 4331.0
180.0 4318.0
171.0 4289.0
161.0 4266.0
151.0 4243.0
130.0 4192.0
115.0 4153.0
99.0 4113.0
79.0 4073.0
68.0 4064.0
58.0 4054.0
50.0 4041.0
50.0 4034.0
50.0 4010.0
27.0 3970.0
13.0 3970.0
3.0 3970.0
0.0 3917.0
0.0 3690.0
0.0 3410.0
23.0 3410.0
36.0 3410.0
55.0 3419.0
65.0 3430.0
75.0 3441.0
89.0 3450.0
95.0 3450.0
110.0 3450.0
120.0 3472.0
120.0 3506.0
120.0 3519.0
129.0 3547.0
140.0 3567.0
151.0 3588.0
160.0 3618.0
160.0 3635.0
160.0 3652.0
168.0 3681.0
179.0 3700.0
189.0 3719.0
200.0 3751.0
204.0 3771.0
208.0 3792.0
217.0 3813.0
225.0 3820.0
233.0 3827.0
240.0 3840.0
240.0 3850.0
240.0 3859.0
249.0 3879.0
260.0 3893.0
271.0 3907.0
280.0 3924.0
280.0 3932.0
280.0 3939.0
291.0 3968.0
305.0 3995.0
318.0 4023.0
330.0 4050.0
330.0 4056.0
330.0 4062.0
336.0 4073.0
344.0 4079.0
352.0 4086.0
359.0 4117.0
362.0 4155.0
365.0 4204.0
371.0 4225.0
388.0 4243.0
400.0 4256.0
410.0 4273.0
410.0 4282.0
410.0 4290.0
419.0 4309.0
430.0 4323.0
441.0 4337.0
450.0 4352.0
450.0 4356.0
450.0 4366.0
525.0 4464.0
562.0 4502.0
580.0 4520.0
617.0 4546.0
645.0 4560.0
673.0 4574.0
709.0 4595.0
724.0 4608.0
740.0 4620.0
757.0 4630.0
762.0 4630.0
772.0 4630.0
903.0 4763.0
938.0 4809.0
951.0 4826.0
968.0 4840.0
975.0 4840.0
983.0 4840.0
994.0 4849.0
1000.0 4860.0
1007.0 4873.0
1021.0 4880.0
1042.0 4880.0
1059.0 4880.0
1081.0 4887.0
1089.0 4895.0
1098.0 4903.0
1123.0 4915.0
1145.0 4922.0
1172.0 4931.0
1190.0 4945.0
1200.0 4965.0
1222.0 5008.0
1261.0 5046.0
1290.0 5053.0
1304.0 5056.0
1329.0 5073.0
1345.0 5090.0
1375.0 5121.0
1382.0 5390.0
1386.0 5538.0
1394.0 5677.0
1400.0 5701.0
1407.0 5725.0
1414.0 5789.0
1416.0 5844.0
1426.0 6124.0
1432.0 6212.0
1445.0 6285.0
1452.0 6329.0
1462.0 6426.0
1465.0 6500.0
1469.0 6574.0
1477.0 6660.0
1485.0 6690.0
1492.0 6720.0
1501.0 6808.0
1505.0 6885.0
1511.0 7014.0
1527.0 7095.0
1553.0 7138.0
1565.0 7155.0
1574.0 7153.0
1604.0 7125.0
1619.0 7111.0
1636.0 7100.0
1642.0 7100.0
1648.0 7100.0
1662.0 7093.0
1672.0 7083.0
1693.0 7064.0
1721.0 7047.0
1767.0 7025.0
1784.0 7017.0
1801.0 7006.0
1805.0 7000.0
1809.0 6994.0
1826.0 6983.0
1843.0 6975.0
1861.0 6967.0
1887.0 6952.0
1901.0 6943.0
1915.0 6933.0
1940.0 6916.0
1956.0 6906.0
1972.0 6896.0
1997.0 6879.0
2012.0 6869.0
2027.0 6858.0
2044.0 6850.0
2050.0 6850.0
2055.0 6850.0
2060.0 6845.0
2060.0 6840.0
2060.0 6834.0
2079.0 6820.0
2103.0 6809.0
2159.0 6783.0
2186.0 6767.0
2208.0 6747.0
2218.0 6737.0
2231.0 6730.0
2237.0 6730.0
2243.0 6730.0
2253.0 6723.0
2261.0 6714.0
2273.0 6699.0
2288.0 6691.0
2388.0 6639.0
2412.0 6627.0
2437.0 6605.0
2445.0 6590.0
2453.0 6574.0
2465.0 6560.0
2471.0 6558.0
2487.0 6553.0
2499.0 6465.0
2493.0 6398.0
2488.0 6347.0
2482.0 6336.0
2429.0 6277.0
2376.0 6219.0
2366.0 6212.0
2321.0 6206.0
2294.0 6203.0
2270.0 6194.0
2267.0 6186.0
2264.0 6179.0
2235.0 6168.0
2202.0 6161.0
2169.0 6155.0
2112.0 6134.0
2075.0 6115.0
2038.0 6096.0
1998.0 6080.0
1986.0 6080.0
1973.0 6080.0
1955.0 6071.0
1945.0 6060.0
1935.0 6049.0
1921.0 6040.0
1915.0 6040.0
1908.0 6040.0
1892.0 6031.0
1878.0 6021.0
1865.0 6010.0
1837.0 5999.0
1817.0 5995.0
1796.0 5991.0
1778.0 5984.0
1775.0 5980.0
1763.0 5960.0
1638.0 5910.0
1601.0 5910.0
1567.0 5910.0
1557.0 5904.0
1526.0 5868.0
1506.0 5845.0
1490.0 5816.0
1490.0 5803.0
1490.0 5768.0
1513.0 5728.0
1549.0 5702.0
1590.0 5672.0
1676.0 5671.0
1713.0 5700.0
1727.0 5711.0
1749.0 5720.0
1763.0 5720.0
1776.0 5720.0
1798.0 5728.0
1811.0 5739.0
1824.0 5749.0
1854.0 5759.0
1877.0 5763.0
1900.0 5766.0
1926.0 5775.0
1935.0 5784.0
1944.0 5792.0
1967.0 5802.0
1988.0 5806.0
2008.0 5810.0
2032.0 5818.0
2040.0 5824.0
2070.0 5848.0
2162.0 5890.0
2184.0 5890.0
2197.0 5890.0
2217.0 5899.0
2230.0 5910.0
2243.0 5921.0
2265.0 5930.0
2279.0 5930.0
2293.0 5930.0
2319.0 5939.0
2335.0 5950.0
2352.0 5961.0
2375.0 5970.0
2387.0 5970.0
2399.0 5970.0
2416.0 5978.0
2426.0 5987.0
2436.0 5997.0
2451.0 6009.0
2460.0 6015.0
2553.0 6070.0
2640.0 6149.0
2640.0 6177.0
2640.0 6188.0
2649.0 6205.0
2660.0 6215.0
2671.0 6225.0
2680.0 6241.0
2680.0 6250.0
2680.0 6260.0
2689.0 6279.0
2700.0 6293.0
2717.0 6315.0
2720.0 6333.0
2720.0 6430.0
2720.0 6527.0
2717.0 6545.0
2700.0 6567.0
2689.0 6581.0
2680.0 6607.0
2680.0 6625.0
2680.0 6643.0
2671.0 6669.0
2660.0 6683.0
2649.0 6697.0
2640.0 6711.0
2640.0 6715.0
2640.0 6727.0
2585.0 6790.0
2574.0 6790.0
2568.0 6790.0
2555.0 6799.0
2545.0 6810.0
2535.0 6821.0
2518.0 6832.0
2506.0 6836.0
2495.0 6840.0
2474.0 6851.0
2461.0 6861.0
2448.0 6872.0
2431.0 6880.0
2422.0 6880.0
2414.0 6880.0
2390.0 6898.0
2369.0 6920.0
2347.0 6942.0
2324.0 6960.0
2316.0 6960.0
2308.0 6960.0
2288.0 6971.0
2272.0 6985.0
2255.0 6999.0
2238.0 7010.0
2232.0 7010.0
2227.0 7010.0
2220.0 7016.0
2217.0 7024.0
2214.0 7032.0
2198.0 7041.0
2181.0 7045.0
2164.0 7049.0
2145.0 7060.0
2140.0 7071.0
2134.0 7081.0
2123.0 7090.0
2116.0 7090.0
2109.0 7090.0
2095.0 7099.0
2085.0 7110.0
2075.0 7121.0
2060.0 7130.0
2052.0 7130.0
2039.0 7130.0
1997.0 7159.0
1959.0 7195.0
1950.0 7203.0
1937.0 7210.0
1929.0 7210.0
1921.0 7210.0
1896.0 7224.0
1872.0 7240.0
1848.0 7256.0
1805.0 7276.0
1776.0 7284.0
1746.0 7293.0
1717.0 7307.0
1710.0 7315.0
1694.0 7334.0
1660.0 7334.0
1624.0 7315.0
1591.0 7298.0
1571.0 7296.0
1551.0 7309.0
1540.0 7316.0
1538.0 7371.0
1541.0 7621.0
1542.0 7788.0
1544.0 7987.0
1544.0 8062.0
1545.0 8139.0
1549.0 8203.0
1555.0 8209.0
1561.0 8215.0
1590.0 8216.0
1635.0 8210.0
1674.0 8205.0
1841.0 8201.0
2007.0 8200.0
2292.0 8200.0
2361.0 8205.0
2425.0 8231.0
2436.0 8235.0
2467.0 8242.0
2495.0 8245.0
2522.0 8249.0
2553.0 8258.0
2564.0 8266.0
2575.0 8274.0
2593.0 8280.0
2604.0 8280.0
2614.0 8280.0
2637.0 8288.0
2654.0 8299.0
2671.0 8309.0
2702.0 8323.0
2722.0 8330.0
2743.0 8336.0
2760.0 8345.0
2760.0 8349.0
2760.0 8353.0
2770.0 8361.0
2783.0 8367.0
2826.0 8387.0
2962.0 8512.0
2972.0 8541.0
2977.0 8557.0
2986.0 8570.0
2991.0 8570.0
2997.0 8570.0
3008.0 8585.0
3016.0 8603.0
3036.0 8644.0
3062.0 8692.0
3083.0 8724.0
3093.0 8738.0
3100.0 8761.0
3100.0 8775.0
3100.0 8789.0
3106.0 8813.0
3114.0 8829.0
3122.0 8844.0
3134.0 8888.0
3140.0 8926.0
3146.0 8964.0
3156.0 9020.0
3162.0 9050.0
3168.0 9082.0
3174.0 9266.0
3177.0 9485.0
3180.0 9849.0
3180.0 9867.0
3160.0 9912.0
3149.0 9938.0
3140.0 9972.0
3140.0 9988.0
3140.0 10004.0
3131.0 10025.0
3120.0 10035.0
3109.0 10045.0
3100.0 10066.0
3100.0 10081.0
3100.0 10096.0
3094.0 10115.0
3086.0 10122.0
3079.0 10130.0
3065.0 10149.0
3057.0 10165.0
3038.0 10200.0
3005.0 10240.0
2995.0 10240.0
2985.0 10240.0
2892.0 10310.0
2860.0 10343.0
2844.0 10358.0
2830.0 10370.0
2826.0 10370.0
2823.0 10370.0
2765.0 10426.0
2696.0 10495.0
2628.0 10564.0
2565.0 10620.0
2557.0 10620.0
2550.0 10620.0
2535.0 10629.0
2525.0 10640.0
2515.0 10651.0
2502.0 10660.0
2497.0 10660.0
2491.0 10660.0
2478.0 10668.0
2468.0 10677.0
2458.0 10686.0
2426.0 10697.0
2397.0 10702.0
2368.0 10707.0
2320.0 10715.0
2290.0 10720.0
2260.0 10725.0
2206.0 10734.0
2170.0 10739.0
2134.0 10745.0
2080.0 10758.0
2050.0 10769.0
2020.0 10780.0
1977.0 10789.0
1955.0 10790.0
1933.0 10790.0
1905.0 10797.0
1893.0 10805.0
1881.0 10813.0
1842.0 10824.0
1805.0 10829.0
1769.0 10834.0
1733.0 10843.0
1727.0 10848.0
1720.0 10854.0
1657.0 10861.0
1585.0 10865.0
1460.0 10871.0
1436.0 10875.0
1343.0 10901.0
1291.0 10915.0
1279.0 10942.0
1309.0 10974.0
1328.0 10995.0
1330.0 11008.0
1330.0 11142.0
1330.0 11288.0
1288.0 11324.0
1244.0 11362.0
1211.0 11368.0
1174.0 11347.0
1137.0 11326.0
1102.0 11276.0
1098.0 11239.0
1096.0 11213.0
1090.0 11204.0
1072.0 11202.0
1051.0 11199.0
950.0 11255.0
950.0 11271.0
950.0 11275.0
935.0 11282.0
918.0 11285.0
900.0 11289.0
878.0 11298.0
870.0 11306.0
862.0 11313.0
835.0 11323.0
812.0 11329.0
788.0 11334.0
761.0 11345.0
751.0 11354.0
720.0 11382.0
660.0 11374.0
618.0 11337.0
1424.0 10656.0
1437.0 10647.0
1497.0 10640.0
1583.0 10636.0
1692.0 10631.0
1729.0 10625.0
1757.0 10610.0
1777.0 10599.0
1814.0 10588.0
1839.0 10584.0
1864.0 10580.0
1894.0 10571.0
1905.0 10564.0
1916.0 10556.0
1940.0 10550.0
1959.0 10550.0
1978.0 10550.0
2013.0 10541.0
2036.0 10530.0
2067.0 10515.0
2102.0 10508.0
2171.0 10506.0
2234.0 10504.0
2276.0 10498.0
2297.0 10487.0
2315.0 10477.0
2340.0 10470.0
2354.0 10470.0
2371.0 10470.0
2404.0 10445.0
2466.0 10385.0
2514.0 10338.0
2557.0 10300.0
2561.0 10300.0
2565.0 10300.0
2572.0 10291.0
2575.0 10280.0
2578.0 10269.0
2587.0 10260.0
2594.0 10260.0
2601.0 10260.0
2626.0 10240.0
2649.0 10215.0
2672.0 10190.0
2696.0 10170.0
2703.0 10170.0
2710.0 10170.0
2733.0 10152.0
2754.0 10130.0
2776.0 10108.0
2801.0 10090.0
2810.0 10090.0
2831.0 10090.0
2855.0 10063.0
2865.0 10030.0
2869.0 10016.0
2878.0 9998.0
2885.0 9990.0
2892.0 9982.0
2901.0 9959.0
2905.0 9940.0
2909.0 9921.0
2921.0 9894.0
2932.0 9879.0
2951.0 9854.0
2952.0 9837.0
2948.0 9479.0
2945.0 9153.0
2943.0 9102.0
2929.0 9080.0
2918.0 9064.0
2910.0 9025.0
2907.0 8970.0
2905.0 8923.0
2895.0 8872.0
2887.0 8855.0
2879.0 8839.0
2867.0 8814.0
2860.0 8800.0
2821.0 8716.0
2794.0 8675.0
2740.0 8622.0
2659.0 8541.0
2594.0 8508.0
2470.0 8483.0
2429.0 8474.0
2377.0 8459.0
2354.0 8449.0
2316.0 8432.0
2284.0 8430.0
1971.0 8430.0
1629.0 8430.0
1559.0 8460.0
1520.0 8476.0
1479.0 8489.0
1467.0 8488.0
1455.0 8488.0
1432.0 8495.0
1415.0 8504.0
1399.0 8513.0
1377.0 8520.0
1368.0 8520.0
1358.0 8520.0
1346.0 8529.0
1340.0 8540.0
1334.0 8551.0
1319.0 8560.0
1305.0 8560.0
1292.0 8560.0
1274.0 8567.0
1266.0 8576.0
1247.0 8594.0
1164.0 8640.0
1148.0 8640.0
1134.0 8640.0
1040.0 8702.0
1040.0 8711.0
1040.0 8715.0
1030.0 8722.0
1018.0 8726.0
995.0 8733.0
908.0 8801.0
850.0 8856.0
563.0 9132.0
510.0 9199.0
495.0 9303.0
492.0 9330.0
480.0 9366.0
470.0 9384.0
452.0 9413.0
451.0 9436.0
453.0 9677.0
454.0 9871.0
458.0 9942.0
468.0 9952.0
474.0 9958.0
480.0 9976.0
480.0 9991.0
480.0 10034.0
496.0 10067.0
540.0 10112.0
562.0 10135.0
580.0 10161.0
580.0 10170.0
580.0 10180.0
589.0 10197.0
600.0 10210.0
611.0 10223.0
620.0 10237.0
620.0 10242.0
620.0 10246.0
640.0 10275.0
665.0 10306.0
690.0 10336.0
710.0 10365.0
710.0 10370.0
710.0 10376.0
716.0 10380.0
723.0 10380.0
731.0 10380.0
745.0 10389.0
755.0 10400.0
765.0 10411.0
782.0 10422.0
794.0 10426.0
815.0 10432.0
829.0 10443.0
874.0 10488.0
887.0 10500.0
909.0 10510.0
923.0 10510.0
939.0 10510.0
954.0 10518.0
960.0 10530.0
966.0 10541.0
977.0 10550.0
984.0 10550.0
991.0 10550.0
1005.0 10559.0
1015.0 10570.0
1025.0 10581.0
1041.0 10590.0
1051.0 10590.0
1061.0 10590.0
1077.0 10598.0
1087.0 10609.0
1097.0 10619.0
1125.0 10630.0
1148.0 10633.0
1175.0 10636.0
1200.0 10647.0
1213.0 10660.0
1232.0 10681.0
1239.0 10682.0
1318.0 10676.0
1364.0 10672.0
1412.0 10663.0
1424.0 10656.0
