361.9 500.58
376.31 531.31
391.05 501.13998
381.38998 502.88998
371.56 502.38998
361.9 500.58
end
375.81 533.33
378.84 557.58
397.02 530.05
391.27 532.02997
383.53 532.67
375.81 533.33
end
376.17 533.22
378.11002 558.82996
354.35 530.74994
360.17 532.50995
368.44 532.8599
376.17 533.2199
end
376.82 532.32
391.53 501.35
413.69 523.49
406.4 526.47
389.39 534.77
376.82 532.32
end
391.62 500.94
402.34 498.98
406.54 495.41
408.22998 490.13
413.84998 522.81
391.61996 500.94
end
409.12 493.44
424.38998 498.79
425.50998 501.29
427.71997 506.36002
425.90997 511.03
423.81998 516.39
419.67996 520.36
414.56998 523.53
408.66998 493.17004
end
406.0 484.69
407.49 486.66
408.07 488.61002
408.85 492.72
424.66 498.35
406.0 484.69
end
376.66 532.55
362.13 501.03998
333.72 521.02997
338.57 525.48
364.09 534.99994
376.66 532.55
end
361.56 500.71
351.35 496.93
346.58 493.22998
345.83 487.72998
333.93997 520.26
361.55997 500.71002
end
347.48 484.37
329.26 500.0
324.30002 510.53
332.62 519.11
333.19 520.71
347.48 484.37003
end
332.98 521.01
378.23 559.42
354.30002 530.13
346.06003 528.23
339.82 524.32
332.98 521.01
end
414.38 523.23
377.87 559.94995
396.8 530.4899
403.09 528.01996
408.75 525.5399
414.37997 523.2299
end
