0.35 10.66 3.33 -178.9 -1.8 94 
0.34 10.81 3.99 -175.7 -1.8 797 
0.32 10.99 4.73 -172.0 -1.7 1281 
0.31 11.17 5.49 -168.3 -1.6 1734 
0.29 11.38 6.35 -164.1 -1.5 2297 
0.27 11.58 7.17 -160.1 -1.4 2844 
0.26 11.78 8.03 -155.9 -1.4 3437 
0.24 12.00 8.95 -151.4 -1.3 3859 
0.22 12.24 9.96 -146.5 -1.2 4453 
0.20 12.55 11.23 -140.2 -1.0 4922 
0.17 12.89 12.66 -133.2 -0.9 5531 
0.13 13.36 14.63 -123.6 -0.7 5953 
0.09 13.82 16.58 -114.1 -0.5 6578 
0.06 14.20 18.14 -106.4 -0.3 7141 
0.04 14.53 19.52 -99.7 -0.2 7562 
0.01 14.82 20.73 -93.8 -0.1 8187 
0.00 15.00 21.50 -90.0 -0.0 8578 
0.00 14.82 20.70 -93.9 -0.0 10203 
0.00 14.55 19.46 -100.0 -0.0 10844 
0.01 14.26 18.18 -106.2 -0.0 11250 
0.01 13.90 16.55 -114.2 -0.1 11859 
0.01 13.44 14.48 -124.3 -0.1 12297 
0.02 13.05 12.73 -132.9 -0.1 12859 
0.02 12.75 11.34 -139.7 -0.1 13406 
0.02 12.49 10.20 -145.3 -0.1 13875 
0.02 12.26 9.15 -150.4 -0.1 14422 
0.03 12.05 8.22 -155.0 -0.1 14906 
0.03 11.86 7.34 -159.2 -0.1 15437 
0.03 11.67 6.51 -163.3 -0.2 16016 
0.03 11.50 5.71 -167.2 -0.2 16469 
0.03 11.33 4.94 -171.0 -0.2 16969 
0.03 11.16 4.19 -174.7 -0.2 17625 
0.04 10.99 3.44 -178.3 -0.2 18031 
0.04 10.98 3.33 -178.9 -0.2 18562 
0.04 11.00 3.33 -178.9 -0.2 19062 
0.04 11.02 3.33 -178.9 -0.2 19594 
0.03 11.05 3.33 -178.9 -0.1 20172 
0.01 11.07 3.33 -178.9 -0.0 20625 
-0.02 11.08 3.33 -178.9 0.1 21156 
-0.05 11.09 3.33 -178.9 0.2 21687 
-0.08 11.09 3.33 -178.9 0.4 22281 
-0.12 11.08 3.32 -178.9 0.6 22766 
-0.16 11.06 3.33 -178.9 0.8 23344 
-0.20 11.03 3.33 -178.9 1.0 23844 
-0.23 11.00 3.33 -178.9 1.2 24422 
-0.25 10.95 3.33 -178.9 1.3 24828 
-0.26 10.89 3.33 -178.9 1.3 25375 
-0.26 10.84 3.33 -178.9 1.3 25875 
-0.25 10.78 3.33 -178.9 1.3 26500 
-0.22 10.71 3.33 -178.9 1.1 26922 
-0.18 10.66 3.33 -178.9 0.9 27547 
-0.12 10.61 3.34 -178.9 0.6 27969 
-0.06 10.58 3.33 -178.9 0.3 28516 
0.02 10.56 3.34 -178.9 -0.1 29078 
0.11 10.55 3.34 -178.9 -0.6 29562 
0.20 10.57 3.34 -178.9 -1.0 30156 
0.28 10.61 3.34 -178.9 -1.5 30625 
0.34 10.65 3.33 -178.9 -1.8 31156 
0.40 10.72 3.33 -178.9 -2.1 31687 
0.46 10.80 3.33 -178.9 -2.4 32219 
0.49 10.91 3.33 -178.9 -2.5 32797 
0.51 11.02 3.33 -178.9 -2.6 33375 
0.50 11.12 3.32 -178.9 -2.5 33797 
0.47 11.22 3.32 -178.9 -2.4 34312 
0.43 11.31 3.32 -178.9 -2.1 34859 
0.36 11.40 3.32 -178.9 -1.8 35500 
0.29 11.47 3.32 -178.9 -1.4 36047 
0.18 11.53 3.32 -178.9 -0.9 36469 
0.08 11.57 3.32 -178.9 -0.4 37109 
-0.01 11.58 3.32 -178.9 0.1 37516 
-0.16 11.58 3.32 -178.9 0.8 38203 
-0.29 11.55 3.32 -178.9 1.4 38547 
-0.43 11.48 3.32 -178.9 2.1 39219 
-0.54 11.40 3.32 -178.9 2.6 39625 
-0.62 11.30 3.32 -178.9 3.1 40156 
-0.69 11.18 3.32 -178.9 3.4 40781 
-0.73 11.06 3.33 -178.9 3.7 41250 
-0.75 10.91 3.33 -178.9 3.9 41719 
-0.75 10.78 3.33 -178.9 3.9 42234 
-0.71 10.59 3.33 -178.9 3.7 42875 
-0.65 10.47 3.34 -178.9 3.5 43375 
-0.56 10.33 3.34 -178.9 3.0 43797 
-0.43 10.21 3.34 -178.9 2.3 44344 
-0.29 10.13 3.34 -178.9 1.6 45000 
-0.12 10.07 3.35 -178.9 0.6 45406 
0.05 10.05 3.35 -178.9 -0.3 46031 
0.21 10.06 3.35 -178.9 -1.2 46469 
0.40 10.11 3.35 -178.9 -2.2 46969 
0.56 10.19 3.34 -178.9 -3.1 47484 
0.70 10.30 3.34 -178.9 -3.8 48031 
0.83 10.45 3.34 -178.9 -4.4 48641 
0.92 10.60 3.33 -178.9 -4.8 49125 
0.98 10.77 3.33 -178.9 -5.1 49812 
1.01 10.95 3.33 -178.9 -5.1 50172 
1.00 11.12 3.32 -178.9 -5.0 50656 
0.96 11.34 3.32 -178.9 -4.7 51187 
0.88 11.53 3.32 -178.9 -4.2 51750 
0.74 11.72 3.31 -178.9 -3.6 52281 
0.59 11.87 3.31 -178.9 -2.8 52766 
0.41 11.98 3.31 -178.9 -1.9 53375 
0.20 12.06 3.31 -178.9 -1.0 53828 
-0.02 12.10 3.31 -178.9 0.1 54328 
-0.27 12.08 3.31 -178.9 1.2 54875 
-0.51 12.01 3.31 -178.9 2.4 55422 
-0.75 11.88 3.31 -178.9 3.5 56016 
-0.92 11.73 3.31 -178.9 4.4 56469 
-1.06 11.54 3.32 -178.9 5.1 56937 
-1.17 11.33 3.32 -178.9 5.8 57594 
-1.24 11.04 3.32 -178.9 6.3 58000 
-1.25 10.79 3.33 -178.9 6.5 58609 
-1.21 10.50 3.34 -178.9 6.4 59047 
-1.11 10.26 3.34 -178.9 6.0 59687 
-0.97 10.04 3.34 -178.9 5.4 60156 
-0.77 9.84 3.35 -178.9 4.3 60781 
-0.55 9.69 3.35 -178.9 3.2 61234 
-0.30 9.59 3.36 -178.9 1.8 61734 
0.00 9.53 3.36 -178.9 -0.0 62281 
0.24 9.54 3.36 -178.9 -1.4 62734 
0.48 9.59 3.36 -178.9 -2.8 63266 
0.71 9.69 3.35 -178.9 -4.1 63797 
0.94 9.84 3.35 -178.9 -5.3 64437 
1.16 10.06 3.34 -178.9 -6.4 64953 
1.34 10.33 3.34 -178.9 -7.2 65359 
1.46 10.63 3.33 -178.9 -7.6 65859 
1.51 10.95 3.33 -178.9 -7.7 66391 
1.49 11.27 3.32 -178.9 -7.4 66937 
1.41 11.57 3.31 -178.9 -6.8 67453 
1.26 11.87 3.31 -178.9 -5.9 67969 
1.03 12.17 3.31 -178.9 -4.7 68562 
0.80 12.35 3.30 -178.9 -3.6 69109 
0.52 12.49 3.30 -178.9 -2.3 69719 
0.25 12.58 3.30 -178.9 -1.1 70109 
-0.10 12.61 3.30 -178.9 0.4 70734 
-0.42 12.57 3.30 -178.9 1.9 71234 
-0.76 12.46 3.30 -178.9 3.4 71656 
-1.02 12.31 3.30 -178.9 4.6 72219 
-1.30 12.08 3.31 -178.9 6.0 72672 
-1.49 11.82 3.31 -178.9 7.0 73281 
-1.63 11.55 3.32 -178.9 7.8 73781 
-1.74 11.15 3.32 -178.9 8.6 74453 
-1.75 10.72 3.33 -178.9 9.1 74906 
-1.70 10.41 3.34 -178.9 9.0 75375 
-1.61 10.15 3.34 -178.9 8.8 75984 
-1.46 9.87 3.35 -178.9 8.2 76453 
-1.18 9.53 3.36 -178.9 6.9 76937 
-0.92 9.32 3.36 -178.9 5.5 77469 
-0.56 9.14 3.37 -178.9 3.4 78016 
-0.21 9.05 3.37 -178.9 1.3 78516 
0.19 9.03 3.37 -178.9 -1.2 79047 
0.51 9.08 3.37 -178.9 -3.2 79547 
0.94 9.23 3.36 -178.9 -5.7 80062 
1.24 9.43 3.36 -178.9 -7.3 80625 
1.51 9.69 3.35 -178.9 -8.7 81156 
1.77 10.08 3.34 -178.9 -9.7 81781 
1.92 10.45 3.33 -178.9 -10.2 82219 
1.93 10.67 3.66 -177.3 -10.1 82734 
1.86 10.83 4.32 -174.1 -9.7 83281 
1.78 11.00 5.01 -170.7 -9.3 83828 
1.69 11.20 5.85 -166.6 -8.8 84406 
1.61 11.40 6.64 -162.7 -8.4 84781 
1.51 11.62 7.55 -158.2 -7.9 85391 
1.41 11.83 8.42 -154.0 -7.4 85875 
1.31 12.06 9.37 -149.3 -6.9 86437 
1.20 12.32 10.44 -144.1 -6.3 86984 
1.05 12.64 11.75 -137.7 -5.5 87469 
0.86 13.06 13.51 -129.1 -4.5 88016 
0.63 13.58 15.63 -118.7 -3.3 88531 
0.43 14.03 17.50 -109.6 -2.3 89016 
0.28 14.38 18.96 -102.4 -1.4 89562 
0.14 14.68 20.19 -96.4 -0.7 90141 
0.02 14.96 21.32 -90.9 -0.1 90578 
0.00 15.00 21.50 -90.0 -0.0 91141 
