0.00 15.00 21.50 -90.0 -0.0 94 
0.00 14.96 21.31 -90.9 -0.0 6266 
0.00 14.70 20.14 -96.6 -0.0 6782 
0.00 14.35 18.59 -104.2 -0.0 7469 
0.00 14.00 17.03 -111.9 -0.0 7875 
0.00 13.58 15.11 -121.2 -0.0 8407 
0.00 13.07 12.85 -132.3 -0.0 9032 
0.00 12.76 11.44 -139.2 -0.0 9453 
0.00 12.47 10.18 -145.4 -0.0 9985 
0.00 12.24 9.14 -150.4 -0.0 10485 
0.00 12.00 8.05 -155.8 -0.0 11032 
0.00 11.77 7.03 -160.8 -0.0 11563 
0.00 11.59 6.22 -164.7 -0.0 12125 
0.00 11.40 5.37 -168.9 -0.0 12610 
0.00 11.24 4.67 -172.3 -0.0 13125 
0.00 11.06 3.85 -176.3 -0.0 13735 
0.00 10.94 3.33 -178.9 -0.0 14266 
0.30 10.94 3.33 -178.9 -1.4 14688 
1.17 10.95 3.32 -178.9 -5.6 15328 
2.12 10.95 3.32 -178.9 -10.1 15735 
3.07 10.95 3.32 -178.9 -14.7 16297 
3.93 10.95 3.31 -178.9 -18.8 16828 
5.04 10.95 3.31 -178.9 -24.1 17438 
5.94 10.95 3.30 -178.9 -27.3 17953 
6.94 10.95 3.30 -178.9 -30.7 18375 
7.82 10.95 3.29 -178.9 -33.8 19000 
8.61 10.95 3.29 -178.9 -36.5 19422 
9.32 10.95 3.28 -178.9 -39.0 19953 
9.96 10.95 3.28 -178.9 -41.2 20485 
9.68 10.95 3.28 -178.9 -40.2 21141 
9.00 10.95 3.28 -178.9 -37.9 21532 
8.26 10.95 3.29 -178.9 -35.3 22047 
7.43 10.95 3.29 -178.9 -32.4 22625 
6.50 10.95 3.30 -178.9 -29.2 23125 
5.43 10.95 3.31 -178.9 -25.5 23657 
5.04 10.95 3.31 -178.9 -24.1 24125 
5.03 10.40 3.32 -178.9 -25.8 24782 
5.02 9.69 3.33 -178.9 -27.9 25360 
5.01 9.07 3.35 -178.9 -29.7 25766 
5.00 8.36 3.36 -178.9 -31.9 26344 
4.98 7.60 3.37 -178.9 -34.1 26860 
4.97 6.81 3.39 -178.9 -36.5 27328 
4.96 5.96 3.41 -178.9 -39.0 27860 
5.07 5.25 3.40 -178.9 -44.2 28500 
5.20 4.56 3.39 -178.9 -49.7 28969 
5.31 3.95 3.38 -178.9 -54.7 29438 
5.42 3.37 3.37 -178.9 -59.3 30000 
5.53 2.79 3.36 -178.9 -64.0 30563 
5.63 2.27 3.35 -178.9 -68.2 31032 
5.72 1.77 3.34 -178.9 -72.1 31672 
5.81 1.29 3.33 -178.9 -76.0 32063 
5.72 1.78 3.34 -178.9 -72.1 33157 
5.62 2.31 3.35 -178.9 -67.8 33735 
5.52 2.84 3.36 -178.9 -63.6 34172 
5.42 3.37 3.37 -178.9 -59.3 34688 
5.32 3.90 3.37 -178.9 -55.1 35203 
5.21 4.51 3.38 -178.9 -50.1 35735 
5.08 5.19 3.40 -178.9 -44.7 36422 
4.96 5.86 3.41 -178.9 -39.3 36860 
4.74 5.86 3.41 -178.9 -37.6 37438 
4.02 5.89 3.42 -178.9 -31.9 37969 
3.36 5.91 3.42 -178.9 -26.7 38547 
2.76 5.93 3.43 -178.9 -21.9 38969 
2.18 5.95 3.43 -178.9 -17.3 39641 
1.59 5.96 3.44 -178.9 -12.6 40032 
1.09 5.98 3.44 -178.9 -8.6 40547 
0.54 6.00 3.45 -178.9 -4.3 41110 
0.08 6.01 3.45 -178.9 -0.7 41610 
-0.36 6.00 3.45 -178.9 2.9 42250 
-0.82 5.99 3.45 -178.9 6.5 42750 
-1.32 5.97 3.44 -178.9 10.5 43282 
-1.84 5.96 3.44 -178.9 14.6 43750 
-2.44 5.94 3.43 -178.9 19.4 44250 
-3.03 5.92 3.43 -178.9 24.0 44844 
-3.66 5.90 3.42 -178.9 29.0 45266 
-4.35 5.88 3.41 -178.9 34.5 45782 
-4.82 5.86 3.41 -178.9 38.2 46422 
-4.08 5.88 3.42 -178.9 32.4 46844 
-3.36 5.91 3.42 -178.9 26.7 47422 
-2.76 5.93 3.43 -178.9 21.9 48000 
-2.14 5.95 3.43 -178.9 17.0 48438 
-1.59 5.96 3.44 -178.9 12.6 49094 
-1.09 5.98 3.44 -178.9 8.6 49469 
-0.54 6.00 3.45 -178.9 4.3 50063 
0.00 6.02 3.45 -178.9 -0.0 50578 
0.00 6.08 3.45 -178.9 -0.0 51110 
0.00 6.86 3.43 -178.9 -0.0 51719 
0.00 7.58 3.41 -178.9 -0.0 52172 
0.00 8.29 3.40 -178.9 -0.0 52641 
0.00 9.00 3.38 -178.9 -0.0 53297 
0.00 9.71 3.36 -178.9 -0.0 53703 
0.00 10.42 3.34 -178.9 -0.0 54375 
0.00 10.94 3.33 -178.9 -0.0 54828 
0.00 11.58 3.32 -178.9 -0.0 55282 
0.00 12.14 3.31 -178.9 -0.0 55797 
0.00 12.74 3.31 -178.9 -0.0 56328 
0.00 13.25 3.30 -178.9 -0.0 56938 
0.00 13.75 3.30 -178.9 -0.0 57469 
0.00 14.30 3.29 -178.9 -0.0 57953 
0.00 14.82 3.28 -178.9 -0.0 58407 
0.00 15.33 3.28 -178.9 -0.0 58922 
0.00 15.84 3.27 -178.9 -0.0 59485 
0.00 16.07 3.39 -178.3 -0.0 60110 
0.00 16.04 3.86 -176.0 -0.0 60516 
0.00 16.00 4.40 -173.4 -0.0 61078 
0.00 15.96 5.12 -169.8 -0.0 61641 
0.00 15.92 5.82 -166.4 -0.0 62110 
0.00 15.87 6.66 -162.4 -0.0 62672 
0.00 15.82 7.53 -158.1 -0.0 63172 
0.00 15.77 8.37 -154.0 -0.0 63672 
0.00 15.71 9.34 -149.3 -0.0 64297 
0.00 15.65 10.38 -144.2 -0.0 64735 
0.00 15.58 11.57 -138.4 -0.0 65235 
0.00 15.51 12.77 -132.6 -0.0 65844 
0.00 15.44 14.01 -126.5 -0.0 66297 
0.00 15.36 15.42 -119.6 -0.0 66813 
0.00 15.25 17.19 -111.0 -0.0 67453 
0.00 15.10 19.90 -97.8 -0.0 67875 
0.00 15.00 21.50 -90.0 -0.0 68438 
