-69  -148440  -85959  -74482  74576 1094 
-71  -140974  -83495  -74481  74570 2062 
-71  -137502  -82385  -74481  74568 3422 
-71  -142320  -83930  -74482  74569 4109 
-71  -149979  -86444  -74483  74569 5062  
509  -153059  -87236  -74653  74417 8375 
338  -153580  -86723  -74669  74419 11953 
-201  -153796  -86540  -74556  74532 13406 
-984  -153885  -86473  -74331  74728 14172 
-2048  -153880  -86491  -73970  75120 16453  
-3512  -153085  -87174  -73556  75489 19344 
-3172  -151223  -89155  -73602  75463 23250 
-2607  -150908  -89468  -73770  75284 24094 
-1862  -150640  -89687  -73947  75039 24250 
-1050  -150433  -89852  -74182  74853 25781 
781  -150244  -90048  -74676  74395 26750 
1976  -150275  -90053  -75062  73993 28266 
3041  -150287  -89996  -75369  73679 28437 
4058  -150410  -89769  -75671  73378 29281 
4992  -150866  -89450  -75949  73100 30812 
6121  -151333  -88894  -76240  72822 31797 
7094  -152418  -87810  -76553  72504 33937 
6750  -154911  -85520  -76603  72543 35703 
6119  -155637  -84923  -76339  72701 36547 
5234  -156240  -84382  -76099  72992 37469 
4167  -156791  -83912  -75786  73297 38344
2938  -157146  -83530  -75442  73595 39875 
686  -157630  -83122  -74799  74222 40859 
-778  -157772  -83059  -74375  74650 42375 
-2767  -157781  -83061  -73771  75253 43219 
-4324  -157532  -83203  -73311  75714 43391 
-5860  -157103  -83517  -72872  76190 44234 
-7680  -156374  -84201  -72350  76681 45766 
-9375  -155207  -85267  -71827  77211 46750 
-10335  -154122  -86387  -71491  77544 48281 
-10820  -153173  -87119  -71357  77674 48453 
-10986  -152202  -88073  -71288  77725 49312 
-10967  -151233  -89029  -71285  77725 50859 
-10181  -150101  -90049  -71447  77612 52531 
-8279  -148702  -91505  -72014  77001 53375 
-6920  -148134  -92048  -72406  76643 53547 
-3324  -147275  -93125  -73452  75608 55437 
-1131  -147035  -93430  -74127  74946 56281 
1235  -147009  -93549  -74808  74256 57266 
3678  -147042  -93495  -75530  73542 58250 
6113  -147324  -93140  -76242  72819 59469 
8431  -147741  -92589  -76940  72117 60328 
10547  -148458  -91802  -77566  71500 61312 
10547  -148458  -91802  -77566  71507 61422 
12345  -149460  -90787  -78108  70945 62281 
13597  -150510  -89614  -78485  70552 63812 
14443  -152691  -87608  -78766  70306 64734 
14435  -154332  -86013  -78777  70305 66344 
13756  -155549  -84879  -78602  70380 67187 
12705  -156820  -83748  -78354  70666 68031 
11410  -157987  -82732  -77957  71098 68875 
7367  -160548  -80787  -76748  72328 70812 
5091  -161173  -80173  -76086  72969 71109 
2699  -161715  -79752  -75363  73649 72109 
279  -162009  -79543  -74674  74368 73766 
-2283  -162030  -79546  -73911  75109 74750 
-5128  -161859  -79645  -73059  76024 75812 
-7519  -161286  -80124  -72359  76662 76797 
-10082  -160444  -80679  -71600  77430 77109 
-10082  -160444  -80679  -71600  77432 77797 
-12356  -159371  -81589  -70922  78122 78797 
-14635  -157894  -82857  -70298  78741 79922 
-16235  -156434  -84123  -69808  79225 80844 
-18340  -152282  -87880  -69123  79893 83281 
-18300  -150663  -89438  -69109  79893 83469 
-17574  -149241  -90897  -69294  79842 84312 
-16209  -147898  -92309  -69670  79375 85844 
-14015  -146555  -93890  -70320  78738 86766 
-11325  -145535  -94988  -71111  77963 87078 
-8579  -144880  -95861  -71916  77148 88141 
-5356  -144386  -96502  -72869  76197 89187 
-2736  -144173  -96822  -73624  75442 90453 
1190  -144075  -96997  -74787  74277 91750 
12800  -145266  -95526  -78222  70842 95312 
16040  -146269  -94299  -79178  69883 96281 
18733  -147581  -92722  -79975  69079 97359 
20530  -149236  -90989  -80517  68535 98328 
21487  -151025  -89199  -80835  68219 99328 
21647  -152795  -87457  -80905  68165 100328 
21505  -154728  -85648  -80907  68170 101344 
20430  -156663  -83942  -80603  68458 102328 
18918  -158638  -82258  -80194  68882 103312 
16984  -160439  -80749  -79606  69409 104281 
14726  -162088  -79419  -78958  70085 105250 
12055  -163685  -78243  -78173  70856 106328 
9067  -164884  -77269  -77285  71741 107359 
2376  -166427  -76083  -75311  73713 109687 
-1965  -166721  -75953  -74024  75005 111187 
-4808  -166555  -76053  -73180  75842 112203 
-8412  -165913  -76476  -72124  76903 113594 
-11919  -164865  -77314  -71087  77940 114562 
-14802  -163677  -78269  -70241  78790 115687 
-17392  -162310  -79320  -69485  79558 116828 
-19834  -160596  -80725  -68710  80336 117141 
-21995  -158710  -82175  -68080  80953 118844 
-23567  -156900  -83699  -67621  81422 119187 
-25706  -152278  -87865  -66958  82079 121219 
-25717  -149899  -90188  -66939  82078 122172 
-24793  -148030  -92150  -67155  81909 123187 
-22540  -145883  -94622  -67817  81258 124187 
-20721  -144947  -95804  -68318  80744 125172 
-18261  -143950  -97063  -69054  80005 126203 
-14400  -142897  -98507  -70173  78883 127437 
-10196  -142172  -99561  -71410  77653 128703 
-7010  -141768  -99997  -72391  76688 129219 
-4470  -141632  -100294  -73113  75954 130109 
1188  -141475  -100575  -74783  74283 131516 
5511  -141490  -100566  -76099  72968 132781 
7951  -141565  -100298  -76780  72277 133078 
12511  -142122  -99668  -78128  70928 134547 
16644  -142688  -98761  -79341  69722 135656 
19875  -143531  -97597  -80331  68733 136156 
22472  -144410  -96436  -81084  67979 137078 
25422  -146013  -94580  -81957  67108 138625 
27542  -147889  -92432  -82610  66438 139484 
28697  -150079  -90166  -82972  66100 140484 
28989  -150763  -88098  -82695  65588 141453 
28192  -146321  -85500  -80288  63673 142078 
26800  -139037  -81241  -76296  60506 143047 
25397  -131704  -76957  -72275  57315 144109 
23950  -124151  -72542  -68141  54039 145078 
22579  -116997  -68361  -64222  50921 146062 
21185  -109712  -64100  -60231  47764 147125 
19783  -102377  -59818  -56213  44575 148125 
18388  -95093  -55560  -52222  41379 149094 
16983  -87764  -51272  -48207  38185 150047 
15571  -80390  -46960  -44167  34995 151062 
14142  -72923  -42598  -40079  31745 152078 
12755  -65680  -38367  -36108  28612 153062 
11362  -58394  -34109  -32119  25440 154125 
9967  -51106  -29850  -28117  22273 155062 
8572  -43820  -25590  -24133  19087 156047 
7160  -36435  -21278  -20093  15883 157109 
5765  -29111  -17019  -16102  12705 158047 
4319  -21541  -12604  -11963  9439 159078 
2941  -14337  -8396  -8019  6307 160062 
1552  -7108  -4162  -4055  3159 161062
