114  -61822  -35349  -30031  30046 140 
114  -65390  -37412  -31710  31699 1093 
114  -79867  -45685  -38789  38773 2078 
114  -94468  -53988  -45909  45883 3140 
113  -109110  -62345  -53068  53071 4125 
110  -123763  -70713  -60221  60197 5093 
107  -138528  -79154  -67426  67404 6125 
2125  -153068  -87265  -74996  74059 8625 
9704  -154084  -86411  -77241  71846 9140 
24395  -155897  -84750  -81600  67477 10125 
39454  -157854  -83048  -86066  63076 11046 
54514  -159734  -81346  -90535  58621 12109 
68413  -161740  -79843  -94689  54358 13734 
73259  -164611  -77862  -96021  53053 14109 
88374  -174054  -71350  -100507  48570 15078 
102766  -182894  -65151  -104776  4430 16062 
102766  -182894  -65151  -104776  44301 16171 
117704  -192197  -58716  -109203  39867 17765 
114123  -190282  -60147  -108375  40640 18062 
99468  -181129  -66410  -104085  44932 19093 
84804  -171974  -72627  -99780  49251 20109 
69964  -162711  -78941  -95412  53602 21140 
70609  -160592  -81038  -95261  53792 22656 
76625  -157044  -85376  -97069  52010 23046 
90849  -148664  -95493  -101195  47881 24125 
105155  -140235  -105623  -105402  43676 25109 
113659  -136633  -110550  -107955  41120 26359 
124241  -136774  -112011  -111093  37993 27093 
139209  -137151  -114078  -115512  33538 28062 
154722  -137452  -116222  -120106  28960 29093 
169603  -137794  -118277  -124507  24558 30078 
184291  -138184  -120305  -128849  20216 31062 
199259  -138501  -122374  -133277  15787 32156 
214318  -138842  -124449  -137727  11317 33062 
218342  -139194  -125045  -139188  9874 34468 
207207  -138927  -123671  -135929  13095 35062 
191791  -138543  -121574  -131377  17649 36078 
176824  -138171  -119538  -126959  22065 37156 
162125  -137806  -117542  -122623  26413 38062 
147075  -137434  -115479  -118177  30835 39125 
132191  -137064  -113442  -113793  35243 40093 
117223  -136693  -111390  -109378  39661 41125 
110036  -136587  -110481  -107205  41818 43015 
107935  -136572  -110750  -106583  42441 43171 
93150  -136457  -112484  -102206  46817 44078 
63489  -136228  -116039  -93421  55597 46125 
48525  -136113  -117803  -88989  60044 47046 
33469  -135998  -119595  -84530  64510 48125 
18414  -135881  -121406  -80072  68943 49109 
2619  -135858  -123280  -75396  73626 50109 
-2226  -135866  -123458  -74030  74995 51203 
-15191  -135913  -122090  -70190  78849 52062 
-30153  -135959  -120335  -65759  83273 53156 
-45206  -136016  -118514  -61297  87727 54109 
-60170  -136050  -116740  -56866  92156 55093 
-75142  -136167  -114958  -52435  96598 56062 
-90651  -136204  -113105  -47842  101179 57156 
-105714  -136295  -111298  -43383  10564 58093 
-105714  -136295  -111298  -43383  105646 58281 
-109216  -136372  -110591  -42136  106952 59625 
-102544  -136372  -111362  -44052  105010 60078 
-87680  -136371  -113146  -48447  100602 61109 
-72617  -136343  -114921  -52902  96195 62093 
-57565  -136267  -116720  -57325  91755 63109 
-42047  -136182  -118577  -61919  87178 64093 
-27353  -136103  -120342  -66239  82827 65156 
-12480  -136022  -122119  -70618  78453 66062 
-67  -136051  -123361  -74466  74609 68296 
-67  -141320  -112038  -74475  74599 69062 
-67  -148382  -97030  -74475  74599 70109 
-67  -163174  -80454  -74478  74599 72078 
-67  -177566  -70585  -74478  74599 73140 
-67  -192110  -60594  -74478  74598 74156 
-67  -206757  -50542  -74478  74598 75093 
-67  -209212  -47209  -73904  73979 76156 
-67  -179960  -40608  -63635  63647 78093
-67  -150432  -33946  -53225  53223 80125 
-67  -135575  -30596  -47987  47958 81109 
-67  -120540  -27204  -42680  42666 82125 
-67  -105599  -23832  -37414  37383 83109 
-67  -90647  -20460  -32147  32101 84171 
-67  -74976  -16926  -26620  26574 85109 
-67  -60297  -13616  -21444  21388 86078 
-67  -45445  -10265  -16208  16143 87078 
-67  -30651  -6933  -11003  10933 88109 
-67  -15701  -3563  -5734  5652 89062 
-67  -551  -152  -400  311 90359 
-67  30  -110  -86  84 91046 
