13690  -150818  -89534  -78529  70504 109 
9307  -146418  -87303  -77434  71516 1015 
13  -141465  -83618  -74491  74502 2218 
340  -152957  -87407  -74599  74472 4672 
540  -153221  -87093  -74671  74401 6906 
479  -153561  -86818  -74671  74403 8375 
10  -153758  -86609  -74556  74476 9859 
-708  -153878  -86479  -74320  74755 11312 
-1683  -153882  -86489  -74081  74907 12828
-3330  -153305  -86996  -73569  75426 15078 
-3738  -152307  -87973  -73454  75579 17937 
-3525  -151568  -88830  -73468  75557 19422 
-2509  -150908  -89243  -73714  75401 20203 
-912  -150432  -89837  -74219  74744 22390 
1025  -150245  -90002  -74658  74454 23875 
3188  -150294  -89995  -75394  73635 25406 
4186  -150583  -89759  -75699  73350 25609 
5921  -151120  -89070  -76149  72931 27734 
6611  -151656  -88580  -76365  72705 29218 
7193  -152965  -87441  -76607  72462 29937 
7200  -154292  -86200  -76644  72442 30734 
6705  -155085  -85516  -76480  72534 32312 
5178  -156135  -84464  -76230  72786 33781 
2761  -157339  -83523  -75362  73706 35250 
1707  -157377  -83316  -75232  73778 36734 
-1191  -157730  -83059  -74398  74600 36906 
-2759  -157776  -83059  -73941  75054 38359 
-4682  -157526  -83388  -73195  75837 38500 
-7203  -156631  -83793  -72587  76401 40734 
-9701  -155012  -85610  -71708  77352 42234 
-10385  -154121  -86415  -71470  77567 43172 
-10989  -152348  -87742  -71318  77706 44625 
-9504  -149580  -90507  -71516  77557 46187 
-6522  -148032  -92472  -72573  76435 48375 
22  -147007  -93557  -74473  74557 50734 
3716  -147034  -93529  -75362  73733 52359 
7204  -147538  -92952  -76582  72455 52468
12618  -149751  -90610  -78232  70830 55187 
12622  -149751  -90610  -78232  70830 55859 
13684  -150818  -89535  -78527  70504 56281 
13685  -150817  -89535  -78527  70504 56984 
