111  56  -97  4  0 110 
113  56  -97  4  0 219 
113  -3944  -2359  -1791  1839 1141 
113  -18708  -10751  -8949  8967 2235 
113  -33386  -19150  -16115  16138 3188 
113  -48131  -27520  -23297  23293 4203 
112  -63253  -36184  -30667  30653 5188 
112  -77695  -44433  -37718  37689 6188 
112  -92255  -52721  -44790  44792 7172 
110  -106983  -61099  -51976  51942 8219 
108  -121613  -69394  -59080  59095 9203 
106  -136321  -77765  -66256  66251 10188 
100  -150960  -86099  -73415  73421 11250 
1490  -152980  -87411  -74804  74191 12891 
7953  -153313  -87040  -76730  72364 13188 
22791  -154124  -86186  -81150  67985 14172 
35806  -154950  -85518  -85042  63980 15438 
38007  -155408  -85173  -85599  63456 16235 
51750  -158240  -82740  -89688  59395 17188 
66667  -161283  -80100  -94127  54949 18235 
68959  -161405  -80000  -94759  54302 20485 
78799  -151825  -89062  -97714  51360 21172 
87458  -144729  -96439  -100226  48867 22531 
96546  -141644  -101561  -102912  46169 23203 
111337  -136621  -109984  -107327  41767 24844 
110915  -136583  -110368  -107404  41641 26297 
97640  -136162  -113323  -103557  45467 27188 
82818  -135694  -116614  -99185  49852 28172 
61147  -135211  -121002  -92758  56263 30281 
47310  -135278  -121632  -88657  60377 31203  
16642  -135451  -123029  -79558  69436 33281 
1706  -135630  -123688  -75131  73854 34203 
62  -135781  -123313  -74608  74450 36453 
62  -137479  -112738  -74600  74477 37203 
62  -140148  -103427  -74599  74485 38422 
62  -150976  -86395  -73715  73731 40406 
62  -138321  -79159  -67544  67588 41172 
62  -123797  -70844  -60461  60514 42156 
62  -109182  -62485  -53334  53372 43156 
62  -94469  -54075  -46164  46199 44235 
62  -79770  -45665  -38992  39047 45219 
62  -64968  -37200  -31780  31871 46235 
62  -49876  -28590  -24432  24535 47172 
62  -35431  -20331  -17392  17485 48172 
62  -20893  -12018  -10310  10398 49156 
62  -6164  -3608  -3137  3245 50250 
62  56  -111  -76  70 51688 
62  55  -111  -76  70 52172 
